SNP,POS,GWAS.LOGP,GWAS_cond.LOGP
rs534942248,42224013,NA,NA
rs567774354,42224067,NA,NA
rs188106617,42224095,NA,NA
rs192716449,42224211,NA,NA
rs187650775,42224578,NA,NA
rs77889640,42224713,NA,NA
rs549174615,42224887,NA,NA
rs7285782,42225018,3.479,7.5e-01
rs528306829,42225574,NA,NA
rs181324904,42225635,NA,NA
rs186010312,42225746,NA,NA
rs143291707,42225917,NA,NA
rs543692590,42226054,NA,NA
rs188405588,42226101,NA,NA
rs545410052,42226104,NA,NA
rs73163368,42226319,NA,NA
rs5758487,42226395,NA,NA
rs55760438,42226410,NA,NA
rs57380124,42226823,NA,NA
rs9607848,42226892,NA,NA
rs9611674,42226950,NA,NA
rs150260340,42226951,NA,NA
rs112181779,42226966,NA,NA
rs374952571,42226983,NA,NA
rs149342959,42227025,NA,NA
rs4822057,42227039,NA,NA
rs552030382,42227079,NA,NA
rs571764415,42227091,NA,NA
rs4822058,42227100,NA,NA
rs62238557,42227150,NA,NA
rs11703214,42227247,NA,NA
rs562369798,42227458,NA,NA
rs187853663,42227623,NA,NA
rs191440205,42227646,NA,NA
rs139216654,42227775,NA,NA
rs555306108,42227851,NA,NA
rs565142391,42227921,NA,NA
rs558980736,42227957,NA,NA
rs34344173,42228156,NA,NA
rs11704061,42228348,NA,NA
rs187544399,42228354,NA,NA
rs541637260,42228753,NA,NA
rs185134149,42229040,NA,NA
rs41277471,42229092,NA,NA
rs563077242,42229114,NA,NA
rs535589112,42229535,NA,NA
rs13057991,42229562,NA,NA
rs9607849,42229867,NA,NA
rs190114546,42230229,NA,NA
rs535575033,42230355,NA,NA
rs113193963,42230472,NA,NA
rs559408124,42230671,NA,NA
rs564374664,42230691,NA,NA
rs138247847,42230891,NA,NA
rs555699765,42231003,NA,NA
rs8139585,42231376,NA,NA
rs576233542,42231399,NA,NA
rs569818898,42231621,NA,NA
rs117719169,42232046,NA,NA
rs117329440,42232087,NA,NA
rs538300312,42232106,NA,NA
rs556647502,42232244,NA,NA
rs1569451,42232291,0.480,1.8e-01
rs186905878,42232354,NA,NA
rs2006638,42232577,NA,NA
rs73163373,42232588,NA,NA
rs530696327,42232644,NA,NA
rs546583253,42232774,NA,NA
rs78017061,42232949,NA,NA
rs146030871,42233039,NA,NA
rs76902725,42233050,NA,NA
rs7291578,42233556,NA,NA
rs8140908,42233595,NA,NA
rs528284816,42233686,NA,NA
rs182108144,42233876,NA,NA
rs73885835,42233939,NA,NA
rs4822060,42233955,NA,NA
rs190821228,42234191,NA,NA
rs532265894,42234527,NA,NA
rs562094533,42234593,NA,NA
rs148982064,42234663,NA,NA
rs78841122,42234825,NA,NA
rs7287010,42234937,1.244,2.8e-01
rs8141218,42235219,NA,NA
rs9607850,42235352,4.295,1.2e+00
rs78524198,42235592,NA,NA
rs555965142,42235631,NA,NA
rs146427423,42235794,NA,NA
rs7293096,42235815,NA,NA
rs563140887,42235829,NA,NA
rs566710227,42235894,NA,NA
rs534211176,42235986,NA,NA
rs552222988,42236007,NA,NA
rs536051070,42236024,NA,NA
rs8137847,42236153,NA,NA
rs545795433,42236164,NA,NA
rs6519292,42236193,NA,NA
rs139983858,42236262,NA,NA
rs5996074,42236337,0.496,2.0e-01
rs553039378,42236943,NA,NA
rs181301690,42237010,NA,NA
rs148428299,42237067,NA,NA
rs150538328,42237144,NA,NA
rs531606004,42237239,NA,NA
rs549979195,42237271,NA,NA
rs529404146,42237282,NA,NA
rs190953591,42237299,NA,NA
rs575861097,42237349,NA,NA
rs2267438,42237565,NA,NA
rs188624765,42237598,NA,NA
rs2267439,42237769,0.501,2.0e-01
rs117014147,42237953,NA,NA
rs7287886,42238027,0.813,6.2e-02
rs536951029,42238428,NA,NA
rs534666199,42238575,NA,NA
rs115157273,42238764,NA,NA
rs112742696,42238909,NA,NA
rs184279020,42238991,NA,NA
rs16985978,42239222,0.940,1.1e+00
rs576566129,42239256,NA,NA
rs140980062,42239318,NA,NA
rs1009544,42239348,NA,NA
rs189039847,42239534,NA,NA
rs141902713,42239639,NA,NA
rs1124998,42239827,NA,NA
rs4269017,42239938,NA,NA
rs28391727,42240069,NA,NA
rs557190081,42240393,NA,NA
rs180692423,42240402,NA,NA
rs563346891,42240541,NA,NA
rs2284082,42240797,NA,NA
rs147309146,42241225,NA,NA
rs2255957,42241372,0.768,4.0e-02
rs191851977,42241458,NA,NA
rs59946017,42242035,NA,NA
rs77429886,42242057,NA,NA
rs190823016,42242128,NA,NA
rs548324210,42242950,NA,NA
rs1883205,42243020,0.541,2.3e-01
rs576628687,42243337,NA,NA
rs80033951,42243582,NA,NA
rs7288536,42243618,NA,NA
rs545917707,42243805,NA,NA
rs7288838,42243841,NA,NA
rs12373989,42244034,NA,NA
rs7292219,42244212,NA,NA
rs568329599,42244260,NA,NA
rs189465228,42244335,NA,NA
rs76302306,42244383,NA,NA
rs117598622,42244577,NA,NA
rs568374507,42244613,NA,NA
rs143584681,42244688,NA,NA
rs549938787,42244822,NA,NA
rs77463446,42244845,NA,NA
rs116160011,42245514,NA,NA
rs59493447,42245722,NA,NA
rs4501042,42245763,0.511,2.1e-01
rs185894941,42245802,NA,NA
rs539782514,42245948,NA,NA
rs138715747,42245966,NA,NA
rs6519293,42245970,NA,NA
rs555188619,42246021,NA,NA
rs34587252,42246037,NA,NA
rs8143158,42246095,NA,NA
rs562018335,42246149,NA,NA
rs6519294,42246392,NA,NA
rs9607851,42246530,NA,NA
rs12373973,42246564,NA,NA
rs555769904,42246996,NA,NA
rs563415424,42247156,NA,NA
rs9611677,42247356,NA,NA
rs2413660,42247360,NA,NA
rs60804715,42247507,NA,NA
rs12170228,42247695,NA,NA
rs570992541,42247842,NA,NA
rs8140722,42247932,NA,NA
rs145074479,42247952,NA,NA
rs553440407,42247982,NA,NA
rs117181659,42247984,NA,NA
rs539171673,42247986,NA,NA
rs575405824,42248106,NA,NA
rs542479663,42248130,NA,NA
rs73430924,42248181,NA,NA
rs149121946,42248253,NA,NA
rs73430926,42248282,NA,NA
rs80094991,42248289,NA,NA
rs571619987,42248689,NA,NA
rs2267440,42248860,NA,NA
rs150887555,42249497,NA,NA
rs566337630,42249729,NA,NA
rs182243557,42249758,NA,NA
rs544183115,42249855,NA,NA
rs7291503,42249931,NA,NA
rs7286071,42249995,NA,NA
rs549566913,42250293,NA,NA
rs533713575,42250412,NA,NA
rs190379053,42250478,NA,NA
rs553931892,42250551,NA,NA
rs189137006,42250606,NA,NA
rs535421448,42250913,NA,NA
rs10222269,42250992,NA,NA
rs8141414,42251053,NA,NA
rs67057013,42251123,NA,NA
rs74278423,42251190,NA,NA
rs552402324,42251335,NA,NA
rs568347850,42251487,NA,NA
rs719440,42251810,NA,NA
rs73163382,42251917,NA,NA
rs140830120,42252162,NA,NA
rs59859018,42252180,NA,NA
rs556293529,42252394,NA,NA
rs182117284,42252587,NA,NA
rs2284083,42252589,NA,NA
rs529123403,42252806,NA,NA
rs113110907,42252827,NA,NA
rs55834311,42252894,NA,NA
rs7292386,42252960,NA,NA
rs548687684,42252986,NA,NA
rs566236247,42253231,NA,NA
rs537513795,42253306,NA,NA
rs185210362,42253575,NA,NA
rs62240960,42253589,NA,NA
rs2839713,42253727,NA,NA
rs2839714,42253763,NA,NA
rs530447832,42253819,NA,NA
rs528213193,42253944,NA,NA
rs139030182,42254414,NA,NA
rs146314226,42254918,NA,NA
rs2413661,42254988,NA,NA
rs181604614,42254999,NA,NA
rs575180415,42255263,NA,NA
rs149996577,42255514,NA,NA
rs133280,42255525,3.381,4.7e-01
rs74823524,42255705,NA,NA
rs144293050,42255774,NA,NA
rs9611678,42255802,NA,NA
rs554421102,42255955,NA,NA
rs147844961,42255992,NA,NA
rs80720,42256088,NA,NA
rs531152755,42256089,NA,NA
rs566473258,42256284,NA,NA
rs76785355,42256306,NA,NA
rs189904593,42256409,NA,NA
rs150105096,42256663,NA,NA
rs556414218,42256813,NA,NA
rs60386215,42256814,NA,NA
rs78515603,42257020,NA,NA
rs145127037,42257068,NA,NA
rs566555794,42257214,NA,NA
rs192032836,42257263,NA,NA
rs553771221,42257315,NA,NA
rs146393795,42257356,NA,NA
rs9611679,42257693,NA,NA
rs133281,42258049,NA,NA
rs9607852,42258272,1.192,1.1e+00
rs17002706,42258577,NA,NA
rs115889871,42258840,NA,NA
rs191699263,42259046,NA,NA
rs184329694,42259092,NA,NA
rs714015,42259098,3.288,4.2e-01
rs547700456,42259337,NA,NA
rs186750498,42259458,NA,NA
rs149025713,42259908,NA,NA
rs9623461,42260169,NA,NA
rs184286512,42260451,NA,NA
rs2413662,42260971,NA,NA
rs530482021,42261262,NA,NA
rs181192771,42261309,NA,NA
rs78302660,42261360,NA,NA
rs74721329,42261738,NA,NA
rs552939809,42261994,NA,NA
rs140668161,42262047,NA,NA
rs145867152,42262088,NA,NA
rs188583654,42262120,NA,NA
rs541564017,42262190,NA,NA
rs549947406,42262256,NA,NA
rs143256776,42262411,NA,NA
rs133286,42262447,NA,NA
rs536161604,42262460,NA,NA
rs147484238,42262511,NA,NA
rs561026263,42262514,NA,NA
rs139624098,42262921,NA,NA
rs201517405,42263143,NA,NA
rs542967537,42263625,NA,NA
rs561308322,42263627,NA,NA
rs111439400,42263698,NA,NA
rs186078485,42263734,NA,NA
rs575772042,42264233,NA,NA
rs2269657,42264269,2.512,3.1e-01
rs150583098,42264272,NA,NA
rs149663887,42264342,NA,NA
rs145483638,42264416,NA,NA
rs200709248,42264751,NA,NA
rs873638,42264775,NA,NA
rs146478432,42264796,NA,NA
rs537912682,42264895,NA,NA
rs183061752,42264942,NA,NA
rs536440370,42265006,NA,NA
rs541076532,42265110,NA,NA
rs744011,42265430,NA,NA
rs2017128,42265506,NA,NA
rs188906992,42265590,NA,NA
rs570777405,42265681,NA,NA
rs151112854,42265920,NA,NA
rs546056424,42266030,NA,NA
rs78815780,42266168,NA,NA
rs549467598,42266338,NA,NA
rs133287,42266419,NA,NA
rs117064257,42267054,NA,NA
rs141120331,42267076,NA,NA
rs9607853,42267196,NA,NA
rs559395963,42267279,NA,NA
rs189705066,42267319,NA,NA
rs133290,42267605,3.460,5.0e-01
rs7292752,42267623,NA,NA
rs568694834,42267634,NA,NA
rs530717155,42267704,NA,NA
rs185991262,42267852,NA,NA
rs143009280,42268110,NA,NA
rs11704997,42268249,NA,NA
rs546804356,42268658,NA,NA
rs4820447,42268721,NA,NA
rs535920767,42268825,NA,NA
rs551845021,42268851,NA,NA
rs182927561,42268902,NA,NA
rs9611683,42269128,NA,NA
rs533668381,42269492,NA,NA
rs11702960,42269532,1.562,4.2e-01
rs133291,42269628,NA,NA
rs554355433,42269914,NA,NA
rs192489032,42270547,NA,NA
rs4822061,42270707,NA,NA
rs192595235,42270766,NA,NA
rs553575305,42270767,NA,NA
rs150033986,42270817,NA,NA
rs56746717,42270844,NA,NA
rs149192849,42270864,NA,NA
rs542609856,42270866,NA,NA
rs142436111,42270874,NA,NA
rs190094318,42270977,NA,NA
rs147961321,42271054,NA,NA
rs192905937,42271079,NA,NA
rs557534378,42271188,NA,NA
rs2229439,42271363,NA,NA
rs199919261,42271539,NA,NA
rs78779289,42272215,NA,NA
rs139864441,42273269,NA,NA
rs142090611,42273340,NA,NA
rs199689929,42273418,NA,NA
rs17848346,42273462,NA,NA
rs78359171,42273842,NA,NA
rs9611685,42273933,NA,NA
rs9623465,42274034,NA,NA
rs182036910,42274267,NA,NA
rs4822062,42274287,2.849,9.1e-01
rs141899642,42274837,NA,NA
rs181288381,42275066,NA,NA
rs573268064,42275120,NA,NA
rs577364251,42275297,NA,NA
rs546369282,42275315,NA,NA
rs9611686,42275415,NA,NA
rs149140427,42275592,NA,NA
rs552591256,42275954,NA,NA
rs188620989,42276106,NA,NA
rs192817923,42276278,NA,NA
rs62240965,42276288,NA,NA
rs62240966,42276291,NA,NA
rs146315937,42276372,NA,NA
rs548813129,42276389,NA,NA
rs191829063,42276473,NA,NA
rs544026349,42276647,NA,NA
rs2228314,42276742,NA,NA
rs142713090,42276857,NA,NA
rs201061816,42276902,NA,NA
rs199856530,42276957,NA,NA
rs113452738,42277297,NA,NA
rs138359605,42277461,NA,NA
rs189975301,42277704,NA,NA
rs73163396,42277792,NA,NA
rs528229398,42278008,NA,NA
rs546392168,42278062,NA,NA
rs571446056,42278068,NA,NA
rs12165579,42278245,1.195,1.0e+00
rs149249493,42278305,NA,NA
rs148437973,42278355,NA,NA
rs575200750,42278537,NA,NA
rs2267441,42278566,NA,NA
rs182886053,42278666,NA,NA
rs188579250,42278683,NA,NA
rs191710225,42278925,NA,NA
rs76621754,42278957,NA,NA
rs575533867,42279312,NA,NA
rs117659206,42279372,NA,NA
rs4822064,42279506,NA,NA
rs13055841,42279653,NA,NA
rs375291349,42280108,NA,NA
rs5751174,42280135,NA,NA
rs371731276,42280137,NA,NA
rs9607854,42280285,NA,NA
rs545483718,42280296,NA,NA
rs2267442,42280361,NA,NA
rs550744839,42280383,NA,NA
rs145754571,42280386,NA,NA
rs2269658,42280618,0.654,5.2e-01
rs112435452,42280889,NA,NA
rs9623466,42281149,1.101,8.8e-01
rs552524409,42281214,NA,NA
rs9623467,42281255,NA,NA
rs9623468,42281294,1.212,9.8e-01
rs189115565,42281361,NA,NA
rs1052717,42281429,4.132,6.0e-01
rs145453004,42281571,NA,NA
rs9623469,42281587,1.100,8.8e-01
rs17002737,42282012,2.130,2.6e-02
rs565706711,42282133,NA,NA
rs539632834,42282169,NA,NA
rs532787990,42282543,NA,NA
rs553049041,42282673,NA,NA
rs546383466,42282697,NA,NA
rs8138841,42282759,NA,NA
rs141141632,42282883,NA,NA
rs185304092,42282979,NA,NA
rs555266025,42282992,NA,NA
rs2284084,42283075,NA,NA
rs180751471,42283273,NA,NA
rs562380149,42283305,NA,NA
rs529260788,42283308,NA,NA
rs533503018,42283402,NA,NA
rs2284085,42283550,NA,NA
rs2284086,42283551,NA,NA
rs571238973,42283619,NA,NA
rs6002521,42283709,NA,NA
rs147319494,42283927,NA,NA
rs577989638,42284223,NA,NA
rs2839715,42284260,3.073,1.4e+00
rs142268854,42284660,NA,NA
rs186994551,42284740,NA,NA
rs77747949,42284859,NA,NA
rs6002522,42285063,NA,NA
rs548329861,42285250,NA,NA
rs115210096,42285266,NA,NA
rs114145136,42285342,NA,NA
rs575311741,42285462,NA,NA
rs565179825,42285671,NA,NA
rs116451106,42285688,NA,NA
rs144251645,42285814,NA,NA
rs5996077,42285868,NA,NA
rs546918863,42285988,NA,NA
rs571894814,42286006,NA,NA
rs558503959,42286207,NA,NA
rs5996078,42286255,1.161,1.0e+00
rs181528654,42286256,NA,NA
rs185859849,42286332,NA,NA
rs560186322,42286338,NA,NA
rs554641779,42286357,NA,NA
rs186314243,42286500,NA,NA
rs564513571,42286705,NA,NA
rs371793836,42286767,NA,NA
rs541796398,42287030,NA,NA
rs56702546,42287190,NA,NA
rs73165104,42287203,NA,NA
rs2267443,42287454,1.462,6.0e-02
rs187471107,42287601,NA,NA
rs575771887,42287678,NA,NA
rs553734473,42287944,NA,NA
rs73165105,42287966,NA,NA
rs117459974,42288072,NA,NA
rs560613619,42288184,NA,NA
rs145839445,42288246,NA,NA
rs550256851,42288279,NA,NA
rs547607477,42288351,NA,NA
rs189333353,42288367,NA,NA
rs5996079,42288545,NA,NA
rs116328092,42288749,NA,NA
rs6002524,42288994,NA,NA
rs143974765,42289096,NA,NA
rs17002745,42289317,NA,NA
rs144846435,42289378,NA,NA
rs5996080,42289466,2.452,7.3e-02
rs4822066,42289500,NA,NA
rs6002526,42289565,NA,NA
rs139478787,42289635,NA,NA
rs73165107,42289797,NA,NA
rs5996081,42289804,NA,NA
rs186014639,42290125,NA,NA
rs12157312,42290177,NA,NA
rs74409678,42290490,NA,NA
rs192041142,42290656,NA,NA
rs552978087,42290755,NA,NA
rs145113325,42290885,NA,NA
rs17002747,42291122,NA,NA
rs59597628,42291244,NA,NA
rs140305476,42291470,NA,NA
rs554492331,42291608,NA,NA
rs141911719,42291679,NA,NA
rs145112180,42292113,NA,NA
rs17002749,42292278,NA,NA
rs560198534,42292354,NA,NA
rs533966170,42292717,NA,NA
rs541857837,42292801,NA,NA
rs17848348,42292885,NA,NA
rs2269659,42292896,NA,NA
rs2269660,42292923,NA,NA
rs141279448,42293026,NA,NA
rs145703964,42293112,NA,NA
rs2228313,42293140,NA,NA
rs114325741,42293278,NA,NA
rs148341034,42293839,NA,NA
rs141530284,42293948,NA,NA
rs150897244,42294137,NA,NA
rs12166430,42294176,NA,NA
rs62240986,42294253,NA,NA
rs12166862,42294338,NA,NA
rs201762944,42294629,NA,NA
rs574949758,42294631,NA,NA
rs200865732,42294757,NA,NA
rs148447409,42294799,NA,NA
rs377731488,42294806,NA,NA
rs550026009,42294966,NA,NA
rs561884653,42294997,NA,NA
rs547240910,42295042,NA,NA
rs75036403,42295178,NA,NA
rs713881,42295250,NA,NA
rs73165113,42295653,NA,NA
rs117728734,42295992,NA,NA
rs181278378,42296016,NA,NA
rs142629964,42296117,NA,NA
rs60790507,42296142,NA,NA
rs58591878,42296179,NA,NA
rs147636789,42296240,NA,NA
rs567334347,42296265,NA,NA
rs375591224,42296320,NA,NA
rs202169663,42296322,NA,NA
rs144200927,42296330,NA,NA
rs200826207,42296381,NA,NA
rs117412383,42296413,NA,NA
rs9620000,42296703,2.745,4.1e-03
rs59601893,42296933,NA,NA
rs371057132,42297020,NA,NA
rs538806582,42297075,NA,NA
rs183538821,42297085,NA,NA
rs5996083,42297214,NA,NA
rs532273194,42297279,NA,NA
rs182845974,42297332,NA,NA
rs187199839,42297342,NA,NA
rs148975499,42297463,NA,NA
rs567659762,42297542,NA,NA
rs191236301,42297733,NA,NA
rs80230005,42297922,NA,NA
rs6002527,42297968,2.828,2.9e-02
rs576787222,42298099,NA,NA
rs73165115,42298165,NA,NA
rs531003844,42298178,NA,NA
rs546906925,42298281,NA,NA
rs143011426,42298404,NA,NA
rs73165116,42298601,NA,NA
rs12628192,42298775,NA,NA
rs185187009,42298799,NA,NA
rs190864895,42298858,NA,NA
rs138794009,42298988,NA,NA
rs540468847,42299227,NA,NA
rs17379759,42299535,4.034,1.8e+00
rs185314676,42299563,NA,NA
rs188567215,42299621,NA,NA
rs570574967,42299688,NA,NA
rs115778233,42299810,NA,NA
rs74989989,42299817,NA,NA
rs6002529,42300062,NA,NA
rs5996084,42300173,NA,NA
rs73165117,42300248,NA,NA
rs147205511,42300446,NA,NA
rs201251541,42300675,NA,NA
rs140511856,42300710,NA,NA
rs80119854,42300878,NA,NA
rs538103052,42300919,NA,NA
rs17848337,42300948,NA,NA
rs2269662,42301014,NA,NA
rs564467951,42301124,NA,NA
rs186029532,42301131,NA,NA
rs1894710,42301133,NA,NA
rs569691726,42301309,NA,NA
rs184011131,42301395,NA,NA
rs41276325,42301434,NA,NA
rs201307736,42301537,NA,NA
rs201711906,42301546,NA,NA
rs11538312,42301554,NA,NA
rs569655423,42301656,NA,NA
rs2157590,42301712,NA,NA
rs536100755,42301719,NA,NA
rs2229442,42301748,2.963,7.0e-02
rs2269664,42301943,NA,NA
rs4822067,42302311,NA,NA
rs182758758,42302333,NA,NA
rs6002530,42302464,NA,NA
rs563645462,42302512,NA,NA
rs1132781,42302664,NA,NA
rs369659648,42302855,NA,NA
rs8988,42302910,NA,NA
rs191901012,42303225,NA,NA
rs567275521,42303448,NA,NA
rs571745905,42303508,NA,NA
rs73165119,42303724,NA,NA
rs145147531,42303767,NA,NA
rs79498857,42303839,NA,NA
rs73165121,42303987,NA,NA
rs185997751,42304058,NA,NA
rs560264564,42304376,NA,NA
rs561221642,42304422,NA,NA
rs565240564,42304498,NA,NA
rs143677342,42304596,NA,NA
rs9611691,42304756,NA,NA
rs537483725,42304832,NA,NA
rs148112233,42304953,NA,NA
rs6002531,42305508,NA,NA
rs6002532,42305583,NA,NA
rs544943689,42305940,NA,NA
rs141868904,42306004,NA,NA
rs542338291,42306097,NA,NA
rs560421633,42306100,NA,NA
rs545706671,42306286,NA,NA
rs376554500,42306287,NA,NA
rs186227450,42306362,NA,NA
rs547460995,42306490,NA,NA
rs28451556,42306923,NA,NA
rs76140449,42307226,NA,NA
rs117492772,42307239,NA,NA
rs183205834,42307590,NA,NA
rs6002535,42307751,NA,NA
rs6002536,42307763,NA,NA
rs146928770,42307810,NA,NA
rs578034272,42307844,NA,NA
rs79681549,42307895,NA,NA
rs6002537,42308080,NA,NA
rs78328564,42308152,NA,NA
rs563405147,42308168,NA,NA
rs149876038,42308211,NA,NA
rs73165124,42308284,NA,NA
rs144867931,42308552,NA,NA
rs5758504,42308739,NA,NA
rs529536343,42309113,NA,NA
rs12160872,42309159,NA,NA
rs12160879,42309193,NA,NA
rs12160926,42309244,NA,NA
rs192908052,42309284,NA,NA
rs117933749,42309412,NA,NA
rs141336766,42309472,NA,NA
rs145126149,42309532,NA,NA
rs77288416,42309549,NA,NA
rs571362502,42309614,NA,NA
rs61603876,42309650,NA,NA
rs6002539,42310914,NA,NA
rs180755164,42310927,NA,NA
rs117237923,42310988,NA,NA
rs183842716,42311023,NA,NA
rs140649172,42311058,NA,NA
rs553826753,42311062,NA,NA
rs528545073,42311071,NA,NA
rs62240987,42311097,NA,NA
rs138121292,42311141,NA,NA
rs149567399,42311204,NA,NA
rs146504147,42311309,NA,NA
rs558415214,42311455,NA,NA
rs186941097,42311769,NA,NA
rs191745877,42312007,NA,NA
rs531676914,42312128,NA,NA
rs60559929,42312283,NA,NA
rs142797502,42312415,NA,NA
rs148059984,42312467,NA,NA
rs186170774,42312612,NA,NA
rs79451274,42312620,NA,NA
rs570121416,42312747,NA,NA
rs191512942,42312790,NA,NA
rs141342807,42312807,NA,NA
rs56270623,42312937,NA,NA
rs141598444,42312938,NA,NA
rs527550264,42313055,NA,NA
rs73165125,42313324,NA,NA
rs574812910,42313702,NA,NA
rs143792845,42313898,NA,NA
rs549336778,42313972,NA,NA
rs73165126,42313995,NA,NA
rs73165127,42314124,NA,NA
rs8140914,42314392,NA,NA
rs148983943,42314410,NA,NA
rs744012,42314433,NA,NA
rs575896952,42314474,NA,NA
rs142332257,42314497,NA,NA
rs146434619,42314696,NA,NA
rs139131703,42314787,NA,NA
rs185364019,42314811,NA,NA
rs138015660,42315303,NA,NA
rs545136774,42315342,NA,NA
rs73165129,42315371,NA,NA
rs60306772,42315500,NA,NA
rs76756093,42315706,NA,NA
rs763263,42315790,NA,NA
rs539639400,42315880,NA,NA
rs115889059,42315986,NA,NA
rs57249443,42315993,NA,NA
rs537174151,42316085,NA,NA
rs549840197,42316087,NA,NA
rs188465847,42316330,NA,NA
rs571531704,42316398,NA,NA
rs73165130,42316496,NA,NA
rs538947662,42316663,NA,NA
rs556955269,42316676,NA,NA
rs541255320,42316946,NA,NA
rs79784624,42317023,NA,NA
rs5996085,42317111,NA,NA
rs528605700,42317114,NA,NA
rs187033750,42317351,NA,NA
rs189510536,42317352,NA,NA
rs181284130,42317355,NA,NA
rs566417333,42317451,NA,NA
rs182240980,42317478,NA,NA
rs6002541,42317593,NA,NA
rs192351130,42317976,NA,NA
rs116853696,42318068,NA,NA
rs144021441,42318239,NA,NA
rs530025568,42318276,NA,NA
rs6002542,42318560,NA,NA
rs116572943,42319007,NA,NA
rs183353138,42319079,NA,NA
rs76744864,42319162,NA,NA
rs9607855,42319276,NA,NA
rs192697635,42319613,NA,NA
rs555283091,42319647,NA,NA
rs79006183,42319669,NA,NA
rs80243871,42320131,NA,NA
rs569341019,42320257,NA,NA
rs5996086,42320261,NA,NA
rs534513904,42320314,NA,NA
rs113062392,42320483,NA,NA
rs6002543,42320547,NA,NA
rs58264802,42320603,NA,NA
rs150043880,42320612,NA,NA
rs537125125,42320624,NA,NA
rs567081140,42320629,NA,NA
rs549333417,42320724,NA,NA
rs142665125,42320789,NA,NA
rs571045124,42320801,NA,NA
rs6002544,42320853,NA,NA
rs7290134,42321251,6.922,1.7e+00
rs550105406,42321258,NA,NA
rs61756766,42321451,NA,NA
rs5996087,42321591,2.919,5.6e-02
rs148120950,42321644,NA,NA
rs55898132,42321757,NA,NA
rs73165134,42322016,NA,NA
rs200206184,42322087,NA,NA
rs150374940,42322155,NA,NA
rs529563231,42322280,NA,NA
rs547352394,42322281,NA,NA
rs150150552,42322502,NA,NA
rs530654060,42322557,NA,NA
rs77874543,42322716,NA,NA
rs373828157,42322718,NA,NA
rs7287486,42322854,NA,NA
rs7287494,42322857,NA,NA
rs145568849,42323212,NA,NA
rs5996088,42323913,2.747,1.3e-06
rs375669165,42324125,NA,NA
rs77657071,42324463,NA,NA
rs41277473,42324521,NA,NA
rs12158335,42324622,6.848,1.6e+00
rs117193272,42324700,NA,NA
rs566194235,42324712,NA,NA
rs34293106,42324725,NA,NA
rs75743846,42325017,NA,NA
rs571730052,42325733,NA,NA
rs141940748,42325739,NA,NA
rs184225969,42325857,NA,NA
rs559037542,42326009,NA,NA
rs140017652,42326017,NA,NA
rs544360021,42326030,NA,NA
rs541721606,42326103,NA,NA
rs574343141,42326104,NA,NA
rs144886236,42326166,NA,NA
rs8139212,42326181,NA,NA
rs545567554,42326186,NA,NA
rs139848508,42326295,NA,NA
rs546310210,42326404,NA,NA
rs570895184,42326549,NA,NA
rs117215978,42326606,NA,NA
rs574330152,42326625,NA,NA
rs186715304,42326720,NA,NA
rs145240808,42326817,NA,NA
rs149176701,42326943,NA,NA
rs143290435,42327050,NA,NA
rs146713050,42327059,NA,NA
rs535241035,42327232,NA,NA
rs183046020,42327406,NA,NA
rs543483535,42327470,NA,NA
rs77664032,42327495,NA,NA
rs9611692,42327498,NA,NA
rs73165137,42327659,NA,NA
rs73165139,42327739,NA,NA
rs528605098,42327960,NA,NA
rs138152206,42327986,NA,NA
rs572581747,42328568,NA,NA
rs185860938,42328706,NA,NA
rs529445392,42328879,NA,NA
rs537418798,42329026,NA,NA
rs530815148,42329135,NA,NA
rs77441740,42329275,NA,NA
rs112045239,42329284,NA,NA
rs558061181,42329316,NA,NA
rs114416269,42329466,NA,NA
rs74348413,42329597,NA,NA
rs115089782,42329632,NA,NA
rs530752949,42329736,NA,NA
rs117907197,42329804,NA,NA
rs546240296,42329816,NA,NA
rs191901226,42330027,NA,NA
rs9620001,42330229,7.871,2.1e+00
rs73165141,42330336,NA,NA
rs147531601,42330492,NA,NA
rs151023921,42331157,NA,NA
rs139696415,42331208,NA,NA
rs528715803,42331267,NA,NA
rs149788984,42331298,NA,NA
rs10154646,42331409,NA,NA
rs116758377,42331535,NA,NA
rs189617964,42331704,NA,NA
rs9607859,42331740,NA,NA
rs541394203,42332110,NA,NA
rs572064434,42332128,NA,NA
rs5996089,42332436,NA,NA
rs149125093,42332753,NA,NA
rs563788752,42332821,NA,NA
rs571975230,42332824,NA,NA
rs545871403,42332887,NA,NA
rs75692143,42333105,NA,NA
rs6002545,42333330,NA,NA
rs6002546,42333408,NA,NA
rs73165143,42333522,NA,NA
rs115597461,42333592,NA,NA
rs9611693,42333802,0.704,3.8e-01
rs574055669,42333803,NA,NA
rs560588813,42333820,NA,NA
rs528006776,42333829,NA,NA
rs183454112,42333934,NA,NA
rs139454492,42334063,NA,NA
rs187575358,42334129,NA,NA
rs190884513,42334168,NA,NA
rs73432628,42334231,NA,NA
rs542030244,42334560,NA,NA
rs117962560,42334588,NA,NA
rs8135804,42334660,5.389,2.2e+00
rs6002547,42334748,NA,NA
rs1047997,42334953,NA,NA
rs184253320,42335201,NA,NA
rs534722619,42335213,NA,NA
rs138273937,42335290,NA,NA
rs187522695,42335343,NA,NA
rs55917324,42335411,NA,NA
rs78296187,42335412,NA,NA
rs12160460,42335562,NA,NA
rs533185260,42335602,NA,NA
rs1894713,42335621,NA,NA
rs184718866,42335723,NA,NA
rs75762735,42335740,NA,NA
rs567644617,42335741,NA,NA
rs539619288,42335757,NA,NA
rs67516067,42335970,NA,NA
rs541148651,42336052,NA,NA
rs5758511,42336172,0.130,1.7e-01
rs73165147,42336237,NA,NA
rs73165148,42336389,NA,NA
rs12483944,42336783,NA,NA
rs6002548,42337040,NA,NA
rs561210583,42337208,NA,NA
rs182011898,42337286,NA,NA
rs142288312,42337360,NA,NA
rs144097124,42337672,NA,NA
rs6002550,42337733,NA,NA
rs146473217,42337825,NA,NA
rs6002551,42338152,5.630,2.3e+00
rs564518760,42338225,NA,NA
rs6002552,42338351,NA,NA
rs538250256,42338369,NA,NA
rs571651673,42338478,NA,NA
rs181765709,42338525,NA,NA
rs572983996,42338883,NA,NA
rs6002553,42338948,NA,NA
rs6002554,42339095,NA,NA
rs3752591,42339516,8.216,2.3e+00
rs10483213,42339525,0.392,6.6e-01
rs201275281,42339702,NA,NA
rs190871873,42339832,NA,NA
rs73165152,42340397,NA,NA
rs111302247,42340434,NA,NA
rs1023498,42340569,8.391,2.4e+00
rs1023499,42340582,8.498,2.5e+00
rs141955649,42340731,NA,NA
rs111700096,42340812,NA,NA
rs1023500,42340844,8.553,2.5e+00
rs78237802,42340849,NA,NA
rs150687600,42341046,NA,NA
rs200921314,42341205,NA,NA
rs7293091,42341308,8.468,2.5e+00
rs73165153,42341363,NA,NA
rs199718008,42341400,NA,NA
rs188468444,42341444,NA,NA
rs192492303,42341496,NA,NA
rs35542507,42341934,NA,NA
rs189490690,42342064,NA,NA
rs41277475,42342077,NA,NA
rs141949564,42342112,NA,NA
rs541587860,42342734,NA,NA
rs3752592,42342765,NA,NA
rs79021997,42342839,NA,NA
rs41277477,42342870,NA,NA
rs6002555,42343091,7.084,1.5e+00
rs563778120,42343630,NA,NA
rs6002556,42343773,NA,NA
rs567960825,42343818,NA,NA
rs186144705,42343885,NA,NA
rs148657482,42344043,NA,NA
rs183594509,42344167,NA,NA
rs5996091,42344266,6.376,2.9e+00
rs8140869,42344297,0.279,3.5e-02
rs74824806,42344373,NA,NA
rs5996092,42344408,5.558,6.3e-01
rs569355259,42344450,NA,NA
rs8140933,42344515,NA,NA
rs554759056,42344529,NA,NA
rs8141722,42344872,NA,NA
rs62240992,42344911,NA,NA
rs553778588,42344976,NA,NA
rs5996093,42345070,NA,NA
rs530257255,42345122,NA,NA
rs5751182,42345181,NA,NA
rs77689114,42345554,NA,NA
rs8137664,42345712,NA,NA
rs145841401,42345902,NA,NA
rs73165159,42346042,NA,NA
rs538178168,42346205,NA,NA
rs12167978,42346475,NA,NA
rs62240993,42346728,NA,NA
rs55651128,42346781,NA,NA
rs193137197,42346825,NA,NA
rs138185576,42346927,NA,NA
rs5996094,42347060,5.529,6.1e-01
rs531498345,42347370,NA,NA
rs11913631,42347371,NA,NA
rs11913578,42347391,NA,NA
rs190141939,42347688,NA,NA
rs2187959,42347844,NA,NA
rs181966741,42347902,NA,NA
rs28722907,42348062,NA,NA
rs2157591,42348094,NA,NA
rs569690169,42348111,NA,NA
rs115780094,42348134,NA,NA
rs550343611,42348277,NA,NA
rs2187960,42348355,NA,NA
rs6519296,42348602,NA,NA
rs7285557,42348790,NA,NA
rs563182042,42348841,NA,NA
rs548838745,42348943,NA,NA
rs118112563,42349051,NA,NA
rs1894714,42349134,NA,NA
rs6002558,42349142,NA,NA
rs569986258,42349161,NA,NA
rs5751186,42349710,NA,NA
rs6519297,42349847,NA,NA
rs55903228,42349912,NA,NA
rs139673891,42350090,NA,NA
rs55718937,42350127,NA,NA
rs530767961,42350318,NA,NA
rs147646879,42350330,NA,NA
rs5751187,42350510,NA,NA
rs546298968,42350654,NA,NA
rs151167146,42350893,NA,NA
rs564719614,42351006,NA,NA
rs191841644,42351104,NA,NA
rs562247520,42351187,NA,NA
rs12158579,42351289,NA,NA
rs58302269,42351309,NA,NA
rs150324453,42351381,NA,NA
rs9680671,42351477,NA,NA
rs4822069,42351481,NA,NA
rs145793708,42351538,NA,NA
rs531211956,42351580,NA,NA
rs187761207,42351586,NA,NA
rs145874284,42351805,NA,NA
rs550479958,42351859,NA,NA
rs536056849,42352075,NA,NA
rs4822070,42352081,NA,NA
rs189057796,42352203,NA,NA
rs191969924,42352438,NA,NA
rs540256716,42352498,NA,NA
rs547989172,42352854,NA,NA
rs181281616,42352983,NA,NA
rs4822071,42353064,NA,NA
rs142752661,42353348,NA,NA
rs573574960,42353379,NA,NA
rs73417007,42353408,NA,NA
rs114433289,42354225,NA,NA
rs73885869,42354362,NA,NA
rs189341075,42354387,NA,NA
rs62240996,42354389,NA,NA
rs62240997,42354567,NA,NA
rs180942094,42354590,NA,NA
rs73165163,42354642,NA,NA
rs62240998,42354701,NA,NA
rs564367132,42354716,NA,NA
rs528912443,42354863,NA,NA
rs192399269,42355316,NA,NA
rs73165164,42355549,NA,NA
rs62240999,42355563,NA,NA
rs564173781,42355720,NA,NA
rs73165165,42355908,NA,NA
rs67222508,42355997,NA,NA
rs141445530,42356181,NA,NA
rs6002559,42356278,NA,NA
rs78863773,42356321,NA,NA
rs561922596,42356359,NA,NA
rs7288749,42356430,NA,NA
rs192636412,42356598,NA,NA
rs6002560,42356886,3.712,1.1e+00
rs573958394,42356988,NA,NA
rs187532133,42357101,NA,NA
rs116886599,42357105,NA,NA
rs533134726,42357476,NA,NA
rs537568383,42357652,NA,NA
rs184585714,42357754,NA,NA
rs57986573,42357852,NA,NA
rs189857732,42357947,NA,NA
rs5751188,42358040,1.400,7.0e-01
rs570097919,42358154,NA,NA
rs8140164,42358413,NA,NA
rs189412289,42358467,NA,NA
rs572933367,42358626,NA,NA
rs191480096,42359031,NA,NA
rs141945709,42359079,NA,NA
rs6002561,42359204,NA,NA
rs60751895,42359229,NA,NA
rs544403026,42359254,NA,NA
rs1984419,42359302,NA,NA
rs148934627,42359320,NA,NA
rs114494434,42359353,NA,NA
rs6002562,42359399,NA,NA
rs6002563,42359571,NA,NA
rs566426638,42359581,NA,NA
rs8137409,42359793,NA,NA
rs6002564,42359927,NA,NA
rs6002565,42360060,NA,NA
rs183761645,42360193,NA,NA
rs67797654,42360407,NA,NA
rs9623482,42360574,NA,NA
rs573469464,42360647,NA,NA
rs4822072,42360833,NA,NA
rs77337287,42361094,NA,NA
rs78900647,42361096,NA,NA
rs76554011,42361098,NA,NA
rs77396474,42361100,NA,NA
rs78000447,42361102,NA,NA
rs145965206,42361119,NA,NA
rs139889573,42361137,NA,NA
rs184244543,42361181,NA,NA
rs560118995,42361309,NA,NA
rs5996096,42361336,NA,NA
rs552404624,42361817,NA,NA
rs570817445,42361886,NA,NA
rs142442262,42361891,NA,NA
rs151333057,42361899,NA,NA
rs527838779,42362244,NA,NA
rs4822074,42362457,NA,NA
rs566174620,42362505,NA,NA
rs4822075,42362560,5.800,3.1e+00
rs75674686,42362651,NA,NA
rs114064124,42362711,NA,NA
rs76859597,42363161,NA,NA
rs569837759,42363264,NA,NA
rs573915996,42363313,NA,NA
rs2899350,42363408,NA,NA
rs117665615,42363621,NA,NA
rs114934204,42363625,NA,NA
rs79005996,42363812,NA,NA
rs4822076,42364057,NA,NA
rs554045912,42364089,NA,NA
rs77350866,42364432,NA,NA
rs538240928,42364715,NA,NA
rs556587052,42364716,NA,NA
rs141597574,42364762,NA,NA
rs541272573,42364845,NA,NA
rs149833897,42364939,NA,NA
rs6519298,42364997,NA,NA
rs181591769,42365071,NA,NA
rs10154700,42365073,0.205,1.2e-01
rs185047001,42365117,NA,NA
rs566484671,42365253,NA,NA
rs528625202,42365835,NA,NA
rs550433962,42365924,NA,NA
rs190962969,42366501,NA,NA
rs183372235,42366516,NA,NA
rs188783951,42366722,NA,NA
rs111840392,42366808,NA,NA
rs183092742,42366823,NA,NA
rs187176973,42366913,NA,NA
rs191308509,42366919,NA,NA
rs76401019,42367641,NA,NA
rs183845587,42367820,NA,NA
rs916440,42367837,5.314,3.1e+00
rs533927841,42367855,NA,NA
rs570592928,42367955,NA,NA
rs79835406,42367968,NA,NA
rs193280044,42368089,NA,NA
rs561826505,42368252,NA,NA
rs558109005,42368760,NA,NA
rs150865799,42368846,NA,NA
rs739292,42368857,NA,NA
rs145625166,42369045,NA,NA
rs5758525,42369095,NA,NA
rs550197063,42369141,NA,NA
rs568441073,42369193,NA,NA
rs66487809,42369228,NA,NA
rs559026282,42369602,NA,NA
rs181753914,42369654,NA,NA
rs546027082,42369672,NA,NA
rs147751668,42369783,NA,NA
rs539636324,42369850,NA,NA
rs551628429,42369852,NA,NA
rs573534356,42370125,NA,NA
rs562249676,42370368,NA,NA
rs184246928,42370396,NA,NA
rs549219183,42370535,NA,NA
rs566302098,42370633,NA,NA
rs574434524,42370682,NA,NA
rs548753527,42370719,NA,NA
rs545434703,42370837,NA,NA
rs530722411,42370897,NA,NA
rs141029606,42370910,NA,NA
rs5751191,42370991,7.810,1.3e+00
rs79622696,42371137,NA,NA
rs4820451,42371333,NA,NA
rs185527564,42371688,NA,NA
rs535930191,42371867,NA,NA
rs13053833,42372381,NA,NA
rs532334905,42372562,NA,NA
rs562314542,42372612,NA,NA
rs113968723,42372757,NA,NA
rs566609249,42372902,NA,NA
rs148132917,42373438,NA,NA
rs188492459,42373644,NA,NA
rs739293,42373648,NA,NA
rs147322446,42374349,NA,NA
rs181294814,42374381,NA,NA
rs183621379,42374416,NA,NA
rs189629305,42374418,NA,NA
rs544433819,42374510,NA,NA
rs150813274,42374703,NA,NA
rs139261292,42374984,NA,NA
rs118061137,42374985,NA,NA
rs880578,42375116,NA,NA
rs763260,42375228,NA,NA
rs559595491,42375696,NA,NA
rs5758527,42375761,NA,NA
rs73417033,42375852,NA,NA
rs570839783,42375956,NA,NA
rs550028052,42375976,NA,NA
rs563853728,42376205,NA,NA
rs186197348,42376209,NA,NA
rs572417250,42376223,NA,NA
rs58352706,42376278,NA,NA
rs5758529,42376614,NA,NA
rs4822077,42376964,NA,NA
rs575948662,42377183,NA,NA
rs56861042,42377399,NA,NA
rs532987490,42377793,NA,NA
rs199886508,42377836,NA,NA
rs2269665,42377878,1.181,4.0e-01
rs11914200,42378070,NA,NA
rs61024973,42378076,NA,NA
rs193136308,42378087,NA,NA
rs184268985,42378112,NA,NA
rs77350086,42378189,NA,NA
rs113043477,42378310,NA,NA
rs113424985,42378467,NA,NA
rs62241000,42378507,NA,NA
rs183843865,42378672,NA,NA
rs541481584,42378893,NA,NA
rs9623487,42378906,NA,NA
rs139249861,42378937,NA,NA
rs184481054,42379055,NA,NA
rs190540138,42379132,NA,NA
rs73417038,42379377,NA,NA
rs556077657,42379606,NA,NA
rs535010646,42379631,NA,NA
rs149420838,42379681,NA,NA
rs5751194,42379813,1.649,2.9e+00
rs181610350,42379815,NA,NA
rs5751195,42380001,NA,NA
rs550367496,42380177,NA,NA
rs531127228,42380385,NA,NA
rs191252178,42380608,NA,NA
rs182772827,42380610,NA,NA
rs5758531,42380648,NA,NA
rs529776623,42381013,NA,NA
rs57318716,42381114,NA,NA
rs12330001,42381157,NA,NA
rs5758532,42381427,NA,NA
rs149029601,42381558,NA,NA
rs112204402,42381703,NA,NA
rs739294,42381726,NA,NA
rs56177503,42381892,NA,NA
rs184455953,42382028,NA,NA
rs200983256,42382126,NA,NA
rs117736895,42382352,NA,NA
rs118142868,42382437,NA,NA
rs133292,42382748,NA,NA
rs133293,42382797,NA,NA
rs133294,42382805,NA,NA
rs369442701,42383067,NA,NA
rs59189606,42383583,NA,NA
rs58273424,42383954,NA,NA
rs531799204,42384010,NA,NA
rs59268048,42384017,NA,NA
rs117644134,42384019,NA,NA
rs59891937,42384048,NA,NA
rs62241003,42384077,NA,NA
rs133295,42384125,2.838,1.1e+00
rs11090065,42384171,NA,NA
rs117969468,42384172,NA,NA
rs57021429,42384193,NA,NA
rs189564031,42384282,NA,NA
rs546485856,42384468,NA,NA
rs7287528,42384511,NA,NA
rs543901285,42384525,NA,NA
rs566129761,42384610,NA,NA
rs530545994,42384707,NA,NA
rs4822078,42385118,NA,NA
rs574088692,42385120,NA,NA
rs133296,42385261,NA,NA
rs192891455,42385311,NA,NA
rs4820454,42385352,NA,NA
rs117582565,42385399,NA,NA
rs534374900,42385406,NA,NA
rs62241023,42385429,NA,NA
rs200400277,42385700,NA,NA
rs73417056,42385720,NA,NA
rs6519301,42385967,6.682,5.3e-01
rs191314960,42386036,NA,NA
rs133297,42386057,NA,NA
rs9620004,42386084,NA,NA
rs58874647,42386269,NA,NA
rs147761812,42386476,NA,NA
rs112815136,42386477,NA,NA
rs146951100,42386487,NA,NA
rs147597180,42386494,NA,NA
rs555505785,42386495,NA,NA
rs570233524,42386506,NA,NA
rs148140943,42386534,NA,NA
rs5996098,42386546,NA,NA
rs571554466,42386565,NA,NA
rs538721025,42386566,NA,NA
rs545439380,42386619,NA,NA
rs138798060,42386838,NA,NA
rs528736497,42386844,NA,NA
rs547000414,42386865,NA,NA
rs133298,42386949,NA,NA
rs146328892,42387260,NA,NA
rs73417062,42387391,NA,NA
rs550601880,42387493,NA,NA
rs35169595,42387654,NA,NA
rs556151357,42387691,NA,NA
rs540516780,42387819,NA,NA
rs77480961,42388018,NA,NA
rs566878804,42388051,NA,NA
rs5758536,42388075,NA,NA
rs111342555,42388136,NA,NA
rs180774576,42388236,NA,NA
rs147856971,42388251,NA,NA
rs112060800,42388272,NA,NA
rs577042147,42388284,NA,NA
rs544467185,42388370,NA,NA
rs73417070,42388396,NA,NA
rs190872079,42388419,NA,NA
rs191391749,42388638,NA,NA
rs547037133,42388763,NA,NA
rs56234624,42388826,NA,NA
rs133299,42388841,1.971,2.6e+00
rs73417074,42388852,NA,NA
rs55713210,42388922,NA,NA
rs572422344,42389117,NA,NA
rs150116643,42389389,NA,NA
rs2097561,42389431,NA,NA
rs2097562,42389500,NA,NA
rs563913281,42389582,NA,NA
rs535742295,42389665,NA,NA
rs739295,42389698,NA,NA
rs190383339,42389835,NA,NA
rs133300,42389839,NA,NA
rs547357373,42389947,NA,NA
rs739296,42389948,3.269,1.9e+00
rs133301,42390093,NA,NA
rs7290907,42390209,3.150,1.8e+00
rs7290655,42390225,NA,NA
rs566730621,42390452,NA,NA
rs540108253,42390940,NA,NA
rs17002787,42391017,NA,NA
rs133302,42391176,1.784,3.1e+00
rs187983587,42391578,NA,NA
rs55758879,42392091,NA,NA
rs56041448,42392104,NA,NA
rs78845485,42392152,NA,NA
rs578223576,42392169,NA,NA
rs186206123,42392404,NA,NA
rs710194,42392560,NA,NA
rs190237474,42392602,NA,NA
rs540313277,42392632,NA,NA
rs148088484,42392695,NA,NA
rs150646035,42392723,NA,NA
rs182822457,42392738,NA,NA
rs1062753,42392811,3.023,1.7e+00
rs187211110,42392851,NA,NA
rs377624563,42392985,NA,NA
rs74573219,42393417,NA,NA
rs41277479,42393758,NA,NA
rs138575185,42393858,NA,NA
rs142823307,42393861,NA,NA
rs147428128,42393964,NA,NA
rs193278673,42394159,NA,NA
rs548917838,42394385,NA,NA
rs4822079,42394612,NA,NA
rs548037474,42394643,NA,NA
rs566674526,42394686,NA,NA
rs201997617,42394794,NA,NA
rs17002790,42394835,NA,NA
rs560353852,42394963,NA,NA
rs549467413,42395144,NA,NA
rs133303,42395242,NA,NA
rs79995442,42395307,NA,NA
rs552360486,42395658,NA,NA
rs133304,42395686,NA,NA
rs133305,42395960,NA,NA
rs184618170,42396070,NA,NA
rs133306,42396150,NA,NA
rs80057302,42396300,NA,NA
rs8138080,42396371,3.184,1.8e+00
rs133307,42396568,NA,NA
rs141342512,42396658,NA,NA
rs536159941,42396720,NA,NA
rs34071114,42396890,NA,NA
rs9623489,42397026,NA,NA
rs5758537,42397042,NA,NA
rs557959682,42397313,NA,NA
rs537149790,42397360,NA,NA
rs133308,42397469,1.987,2.6e+00
rs186264082,42397681,NA,NA
rs551704539,42397689,NA,NA
rs112877433,42397697,NA,NA
rs573478388,42397775,NA,NA
rs149145183,42397856,NA,NA
rs567382261,42397994,NA,NA
rs17002793,42398019,NA,NA
rs11090066,42398195,3.360,1.9e+00
rs9623490,42398266,NA,NA
rs129853,42398375,NA,NA
rs113015512,42398475,NA,NA
rs133309,42398606,1.751,5.6e-01
rs74520872,42398829,NA,NA
rs187917970,42399012,NA,NA
rs112676924,42399025,NA,NA
rs129855,42399325,NA,NA
rs129856,42399396,NA,NA
rs566452651,42399481,NA,NA
rs9620006,42399547,NA,NA
rs129857,42399686,6.546,4.5e-01
rs5751197,42400120,NA,NA
rs142962537,42400233,NA,NA
rs573156179,42400270,NA,NA
rs151125040,42400319,NA,NA
rs6002571,42400416,NA,NA
rs150204877,42400427,NA,NA
rs186375821,42400986,NA,NA
rs538710440,42401105,NA,NA
rs190842829,42401152,NA,NA
rs111639858,42401255,NA,NA
rs112230210,42401353,NA,NA
rs558975830,42401432,NA,NA
rs571083871,42401433,NA,NA
rs9611700,42401514,NA,NA
rs79288252,42401606,NA,NA
rs133313,42401749,NA,NA
rs543370381,42401772,NA,NA
rs133314,42401841,NA,NA
rs133315,42402005,NA,NA
rs528673455,42402325,NA,NA
rs133317,42402386,NA,NA
rs2413663,42402399,NA,NA
rs133318,42402480,NA,NA
rs564681793,42402536,NA,NA
rs188847650,42402625,NA,NA
rs9611701,42402721,NA,NA
rs79161914,42402722,NA,NA
rs116290918,42402829,NA,NA
rs133319,42403446,NA,NA
rs537332595,42403616,NA,NA
rs73418929,42403669,NA,NA
rs142423537,42403745,NA,NA
rs145976773,42403914,NA,NA
rs59993856,42403980,NA,NA
rs556917963,42404052,NA,NA
rs150290043,42404263,NA,NA
rs181761224,42404481,NA,NA
rs555247541,42404482,NA,NA
rs530879481,42404494,NA,NA
rs559902189,42405260,NA,NA
rs111465808,42405283,NA,NA
rs133321,42405322,NA,NA
rs190854076,42405451,NA,NA
rs9620007,42405657,NA,NA
rs133322,42405659,NA,NA
rs533911289,42405829,NA,NA
rs133323,42405922,NA,NA
rs118035989,42406237,NA,NA
rs133324,42406371,NA,NA
rs540662206,42406565,NA,NA
rs4822081,42406788,NA,NA
rs133325,42406820,NA,NA
rs142384783,42406821,NA,NA
rs190346391,42406881,NA,NA
rs133326,42406885,NA,NA
rs73418933,42407007,NA,NA
rs145965651,42407163,NA,NA
rs150656198,42407350,NA,NA
rs133327,42407689,NA,NA
rs133328,42408079,NA,NA
rs538283326,42408207,NA,NA
rs117111792,42408288,NA,NA
rs193055949,42408333,NA,NA
rs73418934,42408518,NA,NA
rs564263330,42408527,NA,NA
rs133329,42408680,NA,NA
rs550164861,42408870,NA,NA
rs565855903,42409196,NA,NA
rs133330,42409456,6.644,4.9e-01
rs147692966,42409461,NA,NA
rs575906484,42409463,NA,NA
rs183611478,42409508,NA,NA
rs187961927,42409728,NA,NA
rs569371319,42409908,NA,NA
rs149152747,42409913,NA,NA
rs9611710,42409977,NA,NA
rs557498358,42410052,NA,NA
rs577638216,42410281,NA,NA
rs12166549,42410419,NA,NA
rs544118637,42410437,NA,NA
rs181708772,42410558,NA,NA
rs9611711,42410695,NA,NA
rs190243474,42410710,NA,NA
rs9611712,42410993,NA,NA
rs133331,42411603,NA,NA
rs133332,42411664,NA,NA
rs187211007,42412070,NA,NA
rs182662575,42412213,NA,NA
rs133333,42412365,1.470,3.8e+00
rs553672063,42412399,NA,NA
rs546487250,42412683,NA,NA
rs5758550,42412711,NA,NA
rs554697738,42412882,NA,NA
rs5751202,42412933,NA,NA
rs577889678,42413143,NA,NA
rs192105852,42413357,NA,NA
rs147235006,42413456,NA,NA
rs540404480,42413997,NA,NA
rs9607868,42414181,NA,NA
rs4822082,42414198,NA,NA
rs186454858,42414672,NA,NA
rs534295322,42414814,NA,NA
rs572941956,42415041,NA,NA
rs561845609,42415180,NA,NA
rs548647208,42415196,NA,NA
rs137953119,42415326,NA,NA
rs199613519,42415464,NA,NA
rs548775080,42415985,NA,NA
rs133335,42416056,6.555,5.0e-01
rs133336,42416303,NA,NA
rs549193417,42416433,NA,NA
rs133337,42416695,1.792,2.8e+00
rs133338,42416805,NA,NA
rs561590296,42416884,NA,NA
rs133339,42416987,NA,NA
rs560755249,42417006,NA,NA
rs183069935,42417016,NA,NA
rs140121343,42417260,NA,NA
rs555365145,42417555,NA,NA
rs546511404,42417684,NA,NA
rs133340,42417687,NA,NA
rs61555860,42417985,NA,NA
rs9607869,42418110,NA,NA
rs534416717,42418168,NA,NA
rs133341,42418185,1.837,2.8e+00
rs200896950,42418333,NA,NA
rs133342,42418910,NA,NA
rs148712137,42418914,NA,NA
rs561391956,42419141,NA,NA
rs563338518,42419345,NA,NA
rs133344,42419433,NA,NA
rs74538360,42419459,NA,NA
rs541361298,42419637,NA,NA
rs112559316,42419653,NA,NA
rs563765119,42419817,NA,NA
rs2413665,42420062,NA,NA
rs9611714,42420510,NA,NA
rs111339290,42420537,NA,NA
rs133346,42420855,NA,NA
rs190619688,42420939,NA,NA
rs542781366,42420998,NA,NA
rs8139038,42421274,NA,NA
rs538978906,42421640,NA,NA
rs113456199,42421804,NA,NA
rs544209294,42421953,NA,NA
rs529697328,42422018,NA,NA
rs143420724,42422060,NA,NA
rs150930281,42422145,NA,NA
rs58418565,42422227,NA,NA
rs528497428,42422233,NA,NA
rs182824182,42422501,NA,NA
rs200571363,42422822,NA,NA
rs548586891,42422851,NA,NA
rs368357715,42422963,NA,NA
rs199720440,42423024,NA,NA
rs2301521,42423110,NA,NA
rs9754485,42423248,NA,NA
rs552607790,42423269,NA,NA
rs17002806,42423271,NA,NA
rs17002808,42423394,NA,NA
rs553607431,42423480,NA,NA
rs572008970,42423515,NA,NA
rs133347,42423645,NA,NA
rs17002809,42423714,NA,NA
rs187836145,42423953,NA,NA
rs547208528,42423998,NA,NA
rs149430793,42424160,NA,NA
rs77870739,42424351,NA,NA
rs114155309,42424396,NA,NA
rs139502079,42424515,NA,NA
rs17002810,42425085,NA,NA
rs182008369,42425455,NA,NA
rs143333223,42425480,NA,NA
rs555338043,42426064,NA,NA
rs56380723,42426137,NA,NA
rs139224782,42426430,NA,NA
rs546638035,42426514,NA,NA
rs7292030,42427040,NA,NA
rs77397151,42427166,NA,NA
rs79111964,42427235,NA,NA
rs564754093,42427294,NA,NA
rs133348,42427949,NA,NA
rs2899351,42428271,NA,NA
rs12167228,42428668,NA,NA
rs133349,42428727,NA,NA
rs133350,42429049,NA,NA
rs2213876,42429074,NA,NA
rs547176917,42429238,NA,NA
rs187085585,42429291,NA,NA
rs192422937,42429522,NA,NA
rs558732946,42429527,NA,NA
rs555884316,42429773,NA,NA
rs73165199,42429908,NA,NA
rs187138087,42430061,NA,NA
rs553536018,42430130,NA,NA
rs142730371,42430287,NA,NA
rs563146676,42430774,NA,NA
rs530433076,42430835,NA,NA
rs182510367,42430898,NA,NA
rs140051516,42430988,NA,NA
rs149376260,42431007,NA,NA
rs144569370,42431011,NA,NA
rs115452640,42431105,NA,NA
rs133351,42431246,NA,NA
rs563788199,42431253,NA,NA
rs545882561,42431423,NA,NA
rs5758553,42431429,NA,NA
rs73418968,42431454,NA,NA
rs549540450,42431474,NA,NA
rs565838712,42431483,NA,NA
rs571025005,42431656,NA,NA
rs554401052,42431764,NA,NA
rs572674169,42431770,NA,NA
rs116083601,42432678,NA,NA
rs554854777,42433013,NA,NA
rs58953291,42433016,NA,NA
rs77005048,42433219,NA,NA
rs5751204,42433801,6.917,7.1e-01
rs147771475,42433887,NA,NA
rs141273413,42433965,NA,NA
rs133352,42434022,NA,NA
rs9620013,42434591,NA,NA
rs537383063,42434716,NA,NA
rs113277751,42434856,NA,NA
rs188641871,42434928,NA,NA
rs575591876,42435144,NA,NA
rs5751206,42435227,NA,NA
rs73418978,42435804,NA,NA
rs4822084,42435868,6.713,5.8e-01
rs146777464,42435986,NA,NA
rs571652711,42436180,NA,NA
rs7293095,42436312,NA,NA
rs9607871,42436322,NA,NA
rs150844914,42436478,NA,NA
rs80342596,42436715,NA,NA
rs553505940,42436753,NA,NA
rs73418980,42437096,NA,NA
rs77108143,42437150,NA,NA
rs133353,42437366,NA,NA
rs371061980,42437472,NA,NA
rs532885281,42437640,NA,NA
rs73418982,42437899,NA,NA
rs548617217,42437922,NA,NA
rs73418983,42438080,NA,NA
rs183859557,42438176,NA,NA
rs553798789,42438346,NA,NA
rs144510404,42438736,NA,NA
rs117795733,42438985,NA,NA
rs115407814,42439259,NA,NA
rs112112057,42439406,NA,NA
rs189271121,42439769,NA,NA
rs560317738,42439792,NA,NA
rs73165200,42440239,NA,NA
rs142575718,42440252,NA,NA
rs133355,42440285,NA,NA
rs73418987,42440366,NA,NA
rs535812090,42440424,NA,NA
rs181525436,42440691,NA,NA
rs551418621,42441060,NA,NA
rs188631723,42441076,NA,NA
rs28715885,42441091,NA,NA
rs181587274,42441120,NA,NA
rs140556618,42441157,NA,NA
rs535574981,42441270,NA,NA
rs133356,42441302,NA,NA
rs569362162,42441398,NA,NA
rs6002586,42441412,NA,NA
rs61385159,42441842,NA,NA
rs57519364,42441919,NA,NA
rs191030553,42442024,NA,NA
rs528225860,42442188,NA,NA
rs133357,42442235,NA,NA
rs111956159,42442511,NA,NA
rs133358,42442539,NA,NA
rs191596660,42442567,NA,NA
rs574520135,42442620,NA,NA
rs73418991,42442994,NA,NA
rs564650052,42443105,NA,NA
rs533316684,42443290,NA,NA
rs141735542,42443508,NA,NA
rs112935734,42443522,NA,NA
rs111301688,42443788,NA,NA
rs34277770,42443908,NA,NA
rs77219818,42443969,NA,NA
rs5758559,42444489,NA,NA
rs77713470,42444759,NA,NA
rs529247335,42444769,NA,NA
rs139048851,42444866,NA,NA
rs143953556,42445027,NA,NA
rs57370695,42445094,NA,NA
rs113012460,42445109,NA,NA
rs58160079,42445159,NA,NA
rs78036465,42445174,NA,NA
rs111855750,42445469,NA,NA
rs540883805,42445483,NA,NA
rs180787356,42445497,NA,NA
rs544642529,42445574,NA,NA
rs111503069,42445626,NA,NA
rs560137171,42445699,NA,NA
rs527484497,42445704,NA,NA
rs9611728,42445709,NA,NA
rs73418997,42446202,NA,NA
rs112806224,42447192,NA,NA
rs538204968,42447339,NA,NA
rs10854749,42447341,NA,NA
rs191698084,42447349,NA,NA
rs572234823,42447518,NA,NA
rs76277210,42447531,NA,NA
rs531497540,42447661,NA,NA
rs138852285,42447685,NA,NA
rs142788317,42447894,NA,NA
rs565764929,42447924,NA,NA
rs5758562,42448238,NA,NA
rs147012837,42448317,NA,NA
rs550375859,42448757,NA,NA
rs5758563,42448761,NA,NA
rs113099545,42449168,NA,NA
rs534083100,42449263,NA,NA
rs7287653,42449401,NA,NA
rs12166450,42449533,NA,NA
rs60292793,42449902,NA,NA
rs12168288,42449998,NA,NA
rs185311855,42450163,NA,NA
rs80203456,42450175,NA,NA
rs529410887,42450255,NA,NA
rs533486162,42450374,NA,NA
rs57796605,42450540,NA,NA
rs181360615,42450803,NA,NA
rs538980507,42450820,NA,NA
rs78066118,42450885,NA,NA
rs183996898,42451204,NA,NA
rs530908104,42451211,NA,NA
rs187990379,42451266,NA,NA
rs180910968,42451291,NA,NA
rs113877786,42451339,NA,NA
rs5751209,42451603,NA,NA
rs76120052,42451766,NA,NA
rs558242543,42451781,NA,NA
rs142968828,42451941,NA,NA
rs151044857,42452037,NA,NA
rs562538182,42452238,NA,NA
rs191406876,42452248,NA,NA
rs182495577,42452374,NA,NA
rs533559831,42452539,NA,NA
rs567899465,42452743,NA,NA
rs561577020,42452759,NA,NA
rs74854653,42452785,NA,NA
rs193145346,42452868,NA,NA
rs138030344,42452910,NA,NA
rs115102254,42452964,NA,NA
rs143174545,42453378,NA,NA
rs577172823,42453547,NA,NA
rs563017270,42453588,NA,NA
rs188635565,42453590,NA,NA
rs58099562,42453772,NA,NA
rs55694931,42453856,NA,NA
rs190599495,42453875,NA,NA
rs12165638,42453960,NA,NA
rs11912142,42453989,NA,NA
rs9623509,42454046,NA,NA
rs9623510,42454050,NA,NA
rs187388227,42454122,NA,NA
rs144373253,42454353,NA,NA
rs5758566,42454354,6.431,4.6e-01
rs80313011,42454469,NA,NA
rs188899468,42454483,NA,NA
rs11703233,42454587,NA,NA
rs556564134,42454854,NA,NA
rs1063392,42454950,6.360,3.5e-01
rs185586436,42454972,NA,NA
rs117826003,42455180,NA,NA
rs62238588,42455248,NA,NA
rs141688392,42455728,NA,NA
rs572234764,42455909,NA,NA
rs186152131,42456086,NA,NA
rs17002832,42456140,NA,NA
rs73887905,42456461,NA,NA
rs140814463,42456551,NA,NA
rs9620016,42456690,NA,NA
rs9620017,42456874,NA,NA
rs121434529,42457056,NA,NA
rs537237292,42457136,NA,NA
rs191845339,42457357,NA,NA
rs78010544,42457550,NA,NA
rs2013960,42457912,NA,NA
rs184458868,42458378,NA,NA
rs2854837,42458481,NA,NA
rs188985073,42458518,NA,NA
rs17002833,42458563,NA,NA
rs137877076,42458588,NA,NA
rs142489962,42458622,NA,NA
rs538601283,42458636,NA,NA
rs112555351,42458724,NA,NA
rs113679162,42458736,NA,NA
rs55715427,42458827,NA,NA
rs12168259,42459107,NA,NA
rs543997363,42459208,NA,NA
rs550573786,42459258,NA,NA
rs192723477,42459298,NA,NA
rs141069867,42459335,NA,NA
rs2413666,42459622,NA,NA
rs150015348,42459913,NA,NA
rs181523320,42460142,NA,NA
rs8139501,42460190,NA,NA
rs188671989,42460285,NA,NA
rs8139787,42460495,NA,NA
rs186599302,42460680,NA,NA
rs552182425,42460884,NA,NA
rs77920989,42461088,NA,NA
rs569433175,42461173,NA,NA
rs9620018,42461187,NA,NA
rs9620019,42461436,NA,NA
rs114209912,42461449,NA,NA
rs201294991,42461804,NA,NA
rs2854827,42461918,NA,NA
rs567050781,42462090,NA,NA
rs8140602,42462180,NA,NA
rs140444553,42462945,NA,NA
rs145541455,42463071,NA,NA
rs121434532,42463140,NA,NA
rs191020126,42463302,NA,NA
rs133367,42463366,5.263,7.3e-02
rs561074029,42463651,NA,NA
rs133368,42463689,6.775,5.9e-01
rs140673721,42463768,NA,NA
rs557714930,42463798,NA,NA
rs73167107,42463813,NA,NA
rs133369,42463814,6.636,5.5e-01
rs202010344,42463846,NA,NA
rs138419349,42463976,NA,NA
rs543676636,42464019,NA,NA
rs35608568,42464028,NA,NA
rs139228129,42464178,NA,NA
rs143345653,42464232,NA,NA
rs147528904,42464570,NA,NA
rs73167109,42464645,NA,NA
rs184582600,42464943,NA,NA
rs571124195,42465106,NA,NA
rs556617639,42465145,NA,NA
rs133370,42465260,NA,NA
rs133371,42465574,NA,NA
rs531070948,42465586,NA,NA
rs133373,42465788,4.920,1.4e-01
rs133374,42465941,NA,NA
rs133375,42466509,NA,NA
rs540457006,42466862,NA,NA
rs565025418,42466865,NA,NA
rs133376,42466905,5.028,1.1e-01
rs133377,42466950,NA,NA
rs2859438,42466980,NA,NA
rs571869959,42467138,NA,NA
rs557705833,42467405,NA,NA
rs77283536,42467471,NA,NA
rs188921838,42467494,NA,NA
rs576642462,42467675,NA,NA
rs133378,42467695,NA,NA
rs536243723,42468123,NA,NA
rs28605764,42468246,NA,NA
rs5758573,42468250,NA,NA
rs143052156,42468309,NA,NA
rs151140998,42468397,NA,NA
rs559271152,42468515,NA,NA
rs28552546,42468526,NA,NA
rs140230798,42468534,NA,NA
rs133379,42468535,NA,NA
rs570651453,42468794,NA,NA
rs133380,42468910,5.326,6.3e-02
rs570513272,42469873,NA,NA
rs41277481,42470063,NA,NA
rs5751210,42470074,NA,NA
rs545813625,42470097,NA,NA
rs147116194,42470124,NA,NA
rs76392259,42470221,NA,NA
rs13057094,42470317,6.426,4.8e-01
rs138301103,42470334,NA,NA
rs564102542,42470420,NA,NA
rs4822088,42470589,NA,NA
rs133381,42470608,NA,NA
rs78725400,42470736,NA,NA
rs558100687,42470851,NA,NA
rs555430288,42471075,NA,NA
rs45441993,42471738,NA,NA
rs133382,42471774,6.241,3.7e-01
rs2413667,42472237,NA,NA
rs569868729,42472426,NA,NA
rs567120126,42472578,NA,NA
rs571052159,42472751,NA,NA
rs537373965,42472889,NA,NA
rs556048745,42472913,NA,NA
rs563436160,42473156,NA,NA
rs61736039,42473586,NA,NA
rs133383,42473603,5.043,1.1e-01
rs200698481,42473684,NA,NA
rs1807493,42473860,NA,NA
rs200117018,42473883,NA,NA
rs193003847,42473927,NA,NA
rs146485722,42474002,NA,NA
rs1807494,42474138,NA,NA
rs186136426,42474344,NA,NA
rs564864046,42474435,NA,NA
rs531967116,42474450,NA,NA
rs8139226,42474453,NA,NA
rs572008406,42474712,NA,NA
rs540072668,42475126,NA,NA
rs562469112,42475281,NA,NA
rs60412323,42475457,NA,NA
rs571875684,42475476,NA,NA
rs374484357,42475508,NA,NA
rs8135801,42475568,NA,NA
rs566665392,42475623,NA,NA
rs576642339,42475641,NA,NA
rs2269524,42475703,NA,NA
rs201691345,42475797,NA,NA
rs150077416,42475860,NA,NA
rs537676982,42476060,NA,NA
rs572088523,42476205,NA,NA
rs118142571,42476307,NA,NA
rs548877441,42476309,NA,NA
rs560087016,42476310,NA,NA
rs527707983,42476311,NA,NA
rs5996107,42476688,NA,NA
rs539473625,42476711,NA,NA
rs6002592,42476754,NA,NA
rs562905131,42476769,NA,NA
rs564239134,42477465,NA,NA
rs183416061,42477571,NA,NA
rs2071711,42477650,NA,NA
rs546096550,42477663,NA,NA
rs188471346,42477755,NA,NA
rs529071562,42477863,NA,NA
rs192130125,42477935,NA,NA
rs183856451,42478371,NA,NA
rs73421032,42478718,NA,NA
rs182213865,42479070,NA,NA
rs141917224,42479084,NA,NA
rs146334430,42479259,NA,NA
rs9607875,42479267,NA,NA
rs563340750,42479317,NA,NA
rs187228692,42479324,NA,NA
rs62238591,42480007,NA,NA
rs79463622,42480178,NA,NA
rs142232749,42480184,NA,NA
rs139043947,42480421,NA,NA
rs547339550,42480606,NA,NA
rs536350486,42480707,NA,NA
rs183894545,42480722,NA,NA
rs540111588,42480837,NA,NA
rs144287596,42480858,NA,NA
rs117421064,42480863,NA,NA
rs111517660,42481019,NA,NA
rs7288980,42481032,NA,NA
rs569245105,42481080,NA,NA
rs140716875,42481088,NA,NA
rs574395124,42481173,NA,NA
rs5758574,42481400,NA,NA
rs7289592,42481412,NA,NA
rs532655080,42481413,NA,NA
rs562674541,42481433,NA,NA
rs574468567,42481760,NA,NA
rs533228811,42481779,NA,NA
rs7245,42481849,5.265,7.5e-03
rs200708307,42482177,NA,NA
rs150607291,42482196,NA,NA
rs113437301,42482252,NA,NA
rs200898094,42482368,NA,NA
rs192393450,42482398,NA,NA
rs4147641,42482502,NA,NA
rs138598210,42482672,NA,NA
rs71329127,42482877,NA,NA
rs547737615,42482923,NA,NA
rs368816795,42483037,NA,NA
rs564325101,42483377,NA,NA
rs188670201,42483455,NA,NA
rs548695663,42483761,NA,NA
rs145291713,42483811,NA,NA
rs576382371,42483964,NA,NA
rs573873681,42484140,NA,NA
rs187271622,42484451,NA,NA
rs6002596,42484466,NA,NA
rs112587582,42484610,NA,NA
rs182161774,42484621,NA,NA
rs62238594,42484712,NA,NA
rs560559844,42484790,NA,NA
rs145878452,42484887,NA,NA
rs4147640,42485292,NA,NA
rs187524502,42485346,NA,NA
rs527908127,42485463,NA,NA
rs141184777,42485566,NA,NA
rs143293946,42485631,NA,NA
rs2284087,42485671,5.042,6.4e-02
rs532237786,42486038,NA,NA
rs5751211,42486056,NA,NA
rs1989202,42486080,NA,NA
rs188077692,42486084,NA,NA
rs554478454,42486249,NA,NA
rs13056622,42486404,NA,NA
rs201010479,42486611,NA,NA
rs200276345,42486662,NA,NA
rs144066165,42486701,NA,NA
rs1801311,42486723,6.493,5.0e-01
rs141466836,42486789,NA,NA
rs375937367,42486852,NA,NA
rs138096256,42487166,NA,NA
rs558844097,42487302,NA,NA
rs118007280,42487453,NA,NA
rs555171537,42487621,NA,NA
rs565612693,42487824,NA,NA
rs4147638,42487900,6.237,3.7e-01
rs143382815,42488080,NA,NA
rs6002597,42488160,NA,NA
rs5758576,42488163,NA,NA
rs548484889,42488240,NA,NA
rs6002598,42488345,NA,NA
rs544522368,42488440,NA,NA
rs142556208,42488504,NA,NA
rs560679948,42488520,NA,NA
rs139664591,42488759,NA,NA
rs570808693,42488827,NA,NA
rs547174026,42488853,NA,NA
rs117359069,42488861,NA,NA
rs6002600,42488906,NA,NA
rs115716078,42488915,NA,NA
rs560293113,42489009,NA,NA
rs6002601,42489058,NA,NA
rs539057152,42489070,NA,NA
rs188907465,42489104,NA,NA
rs181786630,42489382,NA,NA
rs144526129,42489425,NA,NA
rs5758577,42489434,NA,NA
rs141220611,42489568,NA,NA
rs181757423,42490007,NA,NA
rs190397071,42490221,NA,NA
rs5758578,42490292,NA,NA
rs61527837,42490600,NA,NA
rs568655530,42490815,NA,NA
rs5996108,42490967,NA,NA
rs138132091,42491011,NA,NA
rs143591969,42491422,NA,NA
rs5758579,42491479,NA,NA
rs548673467,42491493,NA,NA
rs182844078,42491524,NA,NA
rs531420649,42491600,NA,NA
rs8138500,42491734,NA,NA
rs139015287,42491744,NA,NA
rs191460883,42491852,NA,NA
rs187979104,42491954,NA,NA
rs560928987,42491964,NA,NA
rs7292241,42492063,NA,NA
rs7291996,42492104,NA,NA
rs549146959,42492124,NA,NA
rs6002602,42492225,NA,NA
rs6002603,42492362,NA,NA
rs75303662,42492515,NA,NA
rs553586481,42492537,NA,NA
rs139706437,42492678,NA,NA
rs73421049,42492863,NA,NA
rs57117731,42492985,NA,NA
rs6002604,42493081,NA,NA
rs5996109,42493098,6.376,4.4e-01
rs566351960,42493124,NA,NA
rs71329129,42493290,NA,NA
rs532285376,42493361,NA,NA
rs190535705,42493727,NA,NA
rs5996110,42493767,NA,NA
rs535830553,42493772,NA,NA
rs566802157,42493825,NA,NA
rs5758580,42493875,NA,NA
rs5996111,42493902,NA,NA
rs116963083,42494013,NA,NA
rs151254815,42494033,NA,NA
rs186979160,42494119,NA,NA
rs6002605,42494335,NA,NA
rs182801431,42494383,NA,NA
rs574779056,42494558,NA,NA
rs568189968,42494665,NA,NA
rs6002606,42494773,NA,NA
rs575773729,42494829,NA,NA
rs558784846,42494835,NA,NA
rs576827223,42494857,NA,NA
rs147682485,42494907,NA,NA
rs534078833,42495299,NA,NA
rs570848326,42495334,NA,NA
rs143588773,42495706,NA,NA
rs183882760,42495924,NA,NA
rs141608380,42495963,NA,NA
rs138735387,42496027,NA,NA
rs77604469,42496121,NA,NA
rs6002607,42496506,5.238,1.7e-02
rs543709405,42496562,NA,NA
rs561787299,42496576,NA,NA
rs145970973,42496586,NA,NA
rs6002608,42496629,NA,NA
rs6002609,42496829,6.629,6.0e-01
rs6002610,42496979,NA,NA
rs144820080,42497046,NA,NA
rs148509895,42497795,NA,NA
rs147665492,42497931,NA,NA
rs142472570,42497963,NA,NA
rs183668313,42498034,NA,NA
rs144701414,42498094,NA,NA
rs559487623,42498155,NA,NA
rs12157818,42498204,NA,NA
rs534867512,42498259,NA,NA
rs112307875,42498348,NA,NA
rs9620026,42498578,NA,NA
rs541686400,42498592,NA,NA
rs28817600,42498675,NA,NA
rs552530468,42498806,NA,NA
rs546420820,42498826,NA,NA
rs571082075,42498861,NA,NA
rs112400358,42499068,NA,NA
rs138519627,42499161,NA,NA
rs535607668,42499163,NA,NA
rs74959375,42499242,NA,NA
rs184691208,42499515,NA,NA
rs547320248,42499644,NA,NA
rs188661534,42499712,NA,NA
rs540333055,42500043,NA,NA
rs148354257,42500096,NA,NA
rs552197338,42500346,NA,NA
rs28791586,42500483,NA,NA
rs2839708,42500745,NA,NA
rs187134155,42500782,NA,NA
rs115857550,42500816,NA,NA
rs560476789,42500830,NA,NA
rs182885215,42500981,NA,NA
rs528435489,42501008,NA,NA
rs6519306,42501217,NA,NA
rs544699397,42501245,NA,NA
rs542084945,42501334,NA,NA
rs564080546,42501457,NA,NA
rs73167135,42501630,NA,NA
rs6002614,42501802,NA,NA
rs79753252,42501942,NA,NA
rs9611734,42502070,NA,NA
rs549930102,42502462,NA,NA
rs79801871,42502486,NA,NA
rs188907651,42502988,NA,NA
rs34769913,42503361,NA,NA
rs6002615,42503608,NA,NA
rs540216732,42503835,NA,NA
rs531887547,42504010,NA,NA
rs62238599,42504168,NA,NA
rs117957480,42504619,NA,NA
rs6002616,42504679,6.253,3.9e-01
rs372539439,42504794,NA,NA
rs8141702,42504918,NA,NA
rs568210606,42504982,NA,NA
rs35741624,42505070,NA,NA
rs538669863,42505094,NA,NA
rs556669717,42505110,NA,NA
rs181760335,42505600,NA,NA
rs2413668,42505841,NA,NA
rs9611736,42505866,NA,NA
rs540274290,42506039,NA,NA
rs5996113,42506081,NA,NA
rs7364289,42506193,NA,NA
rs545348188,42506292,NA,NA
rs7364293,42506370,NA,NA
rs561086282,42506388,NA,NA
rs546420719,42506613,NA,NA
rs566605026,42507046,NA,NA
rs539322802,42507194,NA,NA
rs150927672,42507503,NA,NA
rs117108170,42507613,NA,NA
rs2413669,42507748,6.382,4.5e-01
rs182558141,42507803,NA,NA
rs6002618,42507859,NA,NA
rs73421060,42508339,NA,NA
rs150107545,42508349,NA,NA
rs183262074,42508896,NA,NA
rs55851214,42508923,NA,NA
rs188008961,42508927,NA,NA
rs5751216,42508937,5.016,6.5e-02
rs558892578,42508985,NA,NA
rs531325337,42509408,NA,NA
rs530275293,42509472,NA,NA
rs143323685,42509568,NA,NA
rs556654141,42509659,NA,NA
rs6002620,42509666,NA,NA
rs563937790,42509845,NA,NA
rs543013650,42509934,NA,NA
rs149952256,42510122,NA,NA
rs186163169,42510152,NA,NA
rs189450078,42510450,NA,NA
rs111413519,42510486,NA,NA
rs78548180,42510783,NA,NA
rs187150716,42510801,NA,NA
rs191590533,42510802,NA,NA
rs564835766,42510819,NA,NA
rs5996115,42510983,NA,NA
rs6002621,42511002,6.387,4.6e-01
rs553079603,42511262,NA,NA
rs548446734,42511284,NA,NA
rs2839709,42511529,NA,NA
rs2839710,42511550,NA,NA
rs3985938,42511727,NA,NA
rs576665794,42511738,NA,NA
rs2413670,42511822,NA,NA
rs2413671,42511825,NA,NA
rs113826224,42511844,NA,NA
rs554194760,42512017,NA,NA
rs9623522,42512192,NA,NA
rs138911772,42512225,NA,NA
rs7286375,42512297,NA,NA
rs538730988,42512300,NA,NA
rs544234658,42512322,NA,NA
rs113457203,42512369,NA,NA
rs184786578,42512370,NA,NA
rs188663044,42512589,NA,NA
rs61665536,42512613,NA,NA
rs191210799,42512618,NA,NA
rs115659608,42512804,NA,NA
rs146251727,42512845,NA,NA
rs139277194,42512919,NA,NA
rs150578268,42512980,NA,NA
rs183754215,42512981,NA,NA
rs542672207,42513111,NA,NA
rs548746641,42513119,NA,NA
rs2413672,42513261,NA,NA
rs189302948,42513381,NA,NA
rs566558320,42513434,NA,NA
rs117378929,42513484,NA,NA
rs6002623,42513761,6.388,4.6e-01
rs6002624,42513824,NA,NA
rs575194436,42513840,NA,NA
rs553991131,42513841,NA,NA
rs185589979,42513882,NA,NA
rs141266974,42514024,NA,NA
rs11090076,42514190,6.409,4.7e-01
rs538950286,42514335,NA,NA
rs371229004,42515188,NA,NA
rs556371592,42515307,NA,NA
rs8143153,42515637,NA,NA
rs190828330,42515712,NA,NA
rs12161070,42515740,NA,NA
rs12161096,42515749,NA,NA
rs12157344,42515758,NA,NA
rs12157278,42515765,NA,NA
rs59416164,42515916,NA,NA
rs562750232,42516199,NA,NA
rs5751220,42516205,NA,NA
rs8138678,42516229,NA,NA
rs5751221,42516366,0.208,3.2e-01
rs111988926,42516420,NA,NA
rs12158568,42516622,NA,NA
rs148702136,42516676,NA,NA
rs575582703,42516760,NA,NA
rs188870671,42516814,NA,NA
rs147360208,42516850,NA,NA
rs113700845,42516865,NA,NA
rs5758586,42517471,NA,NA
rs5996116,42517492,NA,NA
rs35293692,42517563,NA,NA
rs5758587,42517636,NA,NA
rs147577272,42517639,NA,NA
rs375679369,42517659,NA,NA
rs6002625,42517689,NA,NA
rs139360527,42517789,NA,NA
rs544265886,42517820,NA,NA
rs5751222,42517922,NA,NA
rs6002626,42517989,NA,NA
rs5758589,42518382,5.034,5.9e-02
rs764481,42518426,6.390,4.6e-01
rs73423285,42518512,NA,NA
rs530725329,42518669,NA,NA
rs567548739,42518847,NA,NA
rs60068298,42518996,NA,NA
rs558392420,42519149,NA,NA
rs6002629,42519230,NA,NA
rs79422943,42519240,NA,NA
rs574263560,42519241,NA,NA
rs541097441,42519243,NA,NA
rs77989876,42519247,NA,NA
rs75305438,42519248,NA,NA
rs6002630,42519256,NA,NA
rs6002631,42519258,NA,NA
rs6002632,42519304,NA,NA
rs71328649,42519312,NA,NA
rs190494165,42519315,NA,NA
rs201785814,42519316,NA,NA
rs199568413,42519544,NA,NA
rs147306778,42519636,NA,NA
rs567888865,42520003,NA,NA
rs201551607,42521577,NA,NA
rs143368153,42521749,NA,NA
rs561101513,42521807,NA,NA
rs112866416,42521865,NA,NA
rs34385013,42521929,NA,NA
rs181811449,42521940,NA,NA
rs4078247,42521985,NA,NA
rs4078248,42522027,NA,NA
rs35028622,42522074,NA,NA
rs77827855,42522079,NA,NA
rs4078249,42522084,NA,NA
rs558922737,42522099,NA,NA
rs544250292,42522180,NA,NA
rs529763055,42522254,NA,NA
rs116390392,42522312,NA,NA
rs148648640,42522349,NA,NA
rs28371738,42522392,NA,NA
rs77845838,42522464,NA,NA
rs199722016,42522601,NA,NA
rs1135840,42522613,NA,NA
rs150445731,42522678,NA,NA
rs138229048,42522684,NA,NA
rs267608319,42522751,NA,NA
rs548264542,42522765,NA,NA
rs28371732,42522965,NA,NA
rs28371730,42523209,NA,NA
rs2004511,42523211,NA,NA
rs28371729,42523358,NA,NA
rs28578778,42523400,NA,NA
rs78209835,42523613,NA,NA
rs28371725,42523805,NA,NA
rs143276168,42523813,NA,NA
rs201895960,42523833,NA,NA
rs148250267,42523835,NA,NA
rs150216909,42523844,NA,NA
rs79292917,42523854,NA,NA
rs200234159,42523867,NA,NA
rs141289473,42523871,NA,NA
rs16947,42523943,NA,NA
rs187203531,42524073,NA,NA
rs543782868,42524090,NA,NA
rs28371722,42524130,NA,NA
rs76015180,42524132,NA,NA
rs372521768,42524138,NA,NA
rs533063276,42524158,NA,NA
rs28371719,42524191,NA,NA
rs565013903,42524213,NA,NA
rs28371718,42524218,NA,NA
rs28371717,42524310,NA,NA
rs574057781,42524322,NA,NA
rs541081647,42524327,NA,NA
rs146540061,42524341,NA,NA
rs267608300,42524502,NA,NA
rs58440431,42524696,NA,NA
rs371793722,42524796,NA,NA
rs150163869,42524815,NA,NA
rs139779104,42524817,NA,NA
rs3892097,42524947,NA,NA
rs192358451,42524990,NA,NA
rs377504871,42524992,NA,NA
rs200002499,42525010,NA,NA
rs78482768,42525089,NA,NA
rs1058164,42525132,NA,NA
rs1135823,42525176,NA,NA
rs61736507,42525180,NA,NA
rs76060075,42525187,NA,NA
rs550671870,42525273,NA,NA
rs142302759,42525305,NA,NA
rs557722765,42525390,NA,NA
rs143170489,42525416,NA,NA
rs184086520,42525438,NA,NA
rs189736703,42525500,NA,NA
rs267608277,42525547,NA,NA
rs1081004,42525625,NA,NA
rs200028800,42525709,NA,NA
rs368389952,42525724,NA,NA
rs78854695,42525728,NA,NA
rs1081003,42525756,NA,NA
rs28371706,42525772,NA,NA
rs28371705,42525798,NA,NA
rs28371704,42525811,NA,NA
rs28371703,42525821,NA,NA
rs28371702,42525952,NA,NA
rs28371701,42526049,NA,NA
rs28371699,42526484,NA,NA
rs29001678,42526524,NA,NA
rs1081000,42526549,NA,NA
rs28695233,42526561,NA,NA
rs75276289,42526562,NA,NA
rs76312385,42526567,NA,NA
rs74644586,42526571,NA,NA
rs1080996,42526573,NA,NA
rs569710196,42526578,NA,NA
rs1080995,42526580,NA,NA
rs201475960,42526596,NA,NA
rs1065852,42526694,NA,NA
rs138100349,42526712,NA,NA
rs28371696,42526717,NA,NA
rs769258,42526763,NA,NA
rs529048433,42526773,NA,NA
rs72549358,42526775,NA,NA
rs199635004,42526778,NA,NA
rs376446555,42526811,NA,NA
rs536049502,42526875,NA,NA
rs554542605,42526879,NA,NA
rs572756471,42526921,NA,NA
rs372204775,42526995,NA,NA
rs35481113,42527018,NA,NA
rs540805349,42527041,NA,NA
rs572914357,42527116,NA,NA
rs1080992,42527158,NA,NA
rs147874111,42527159,NA,NA
rs540076362,42527281,NA,NA
rs537035754,42527360,NA,NA
rs555469193,42527381,NA,NA
rs28633410,42527471,NA,NA
rs28624811,42527533,NA,NA
rs560989436,42527616,NA,NA
rs548011990,42527632,NA,NA
rs182976561,42527685,NA,NA
rs567431353,42527777,NA,NA
rs1080989,42527793,NA,NA
rs528127834,42527929,NA,NA
rs28735595,42528028,NA,NA
rs28588594,42528224,NA,NA
rs1080985,42528382,NA,NA
rs528496827,42528551,NA,NA
rs1080983,42528568,NA,NA
rs551293469,42528682,NA,NA
rs551048497,42528696,NA,NA
rs569111081,42528697,NA,NA
rs554928619,42528716,NA,NA
rs143465335,42528846,NA,NA
rs28680494,42528851,NA,NA
rs28439297,42528858,NA,NA
rs137873280,42528896,NA,NA
rs542791012,42528924,NA,NA
rs28360521,42528976,NA,NA
rs138419008,42529176,NA,NA
rs28568508,42529219,NA,NA
rs28566059,42529321,NA,NA
rs76404195,42529330,NA,NA
rs114585373,42529337,NA,NA
rs141919281,42529342,NA,NA
rs118017929,42529366,NA,NA
rs28542726,42529407,NA,NA
rs28369142,42529540,NA,NA
rs149426555,42529632,NA,NA
rs535132660,42529798,NA,NA
rs28842514,42529930,NA,NA
rs527588620,42529971,NA,NA
rs185338445,42529972,NA,NA
rs530114240,42530028,NA,NA
rs542383210,42530046,NA,NA
rs184910183,42530277,NA,NA
rs142188003,42530362,NA,NA
rs151191605,42530394,NA,NA
rs28641480,42530640,NA,NA
rs186164994,42530798,NA,NA
rs28579115,42530826,NA,NA
rs140759838,42530943,NA,NA
rs539471776,42531000,NA,NA
rs144675432,42531020,NA,NA
rs75420358,42531092,NA,NA
rs80019456,42531201,NA,NA
rs28670611,42531210,NA,NA
rs189454144,42531228,NA,NA
rs28375182,42531303,NA,NA
rs532781758,42531424,NA,NA
rs9623531,42531700,NA,NA
rs56269238,42531792,NA,NA
rs141699064,42532267,NA,NA
rs143443230,42533645,NA,NA
rs28422929,42533905,NA,NA
rs530581063,42534009,NA,NA
rs28712237,42534051,NA,NA
rs4993392,42534074,NA,NA
rs4993393,42534075,NA,NA
rs4993394,42534076,NA,NA
rs28515621,42534126,NA,NA
rs2743449,42534148,NA,NA
rs144156051,42534170,NA,NA
rs28570317,42534276,NA,NA
rs182425167,42534435,NA,NA
rs146501369,42534458,NA,NA
rs192678337,42534532,NA,NA
rs116907259,42534550,NA,NA
rs6002633,42534600,NA,NA
rs2743450,42534601,NA,NA
rs547070177,42534635,NA,NA
rs2743451,42534682,NA,NA
rs71329130,42534881,NA,NA
rs2743453,42534956,NA,NA
rs571695449,42535018,NA,NA
rs566378439,42535166,NA,NA
rs138589454,42535185,NA,NA
rs557086959,42535319,NA,NA
rs2856962,42535461,NA,NA
rs538230838,42535635,NA,NA
rs2743454,42535636,NA,NA
rs61194447,42535808,NA,NA
rs542498910,42536017,NA,NA
rs2743455,42536064,NA,NA
rs187110677,42536113,NA,NA
rs562947265,42536137,NA,NA
rs1058174,42536263,NA,NA
rs2743456,42536313,NA,NA
rs188173161,42536347,NA,NA
rs3171711,42536373,NA,NA
rs560335126,42536471,NA,NA
rs11702937,42536487,NA,NA
rs143457816,42536660,NA,NA
rs200523516,42536678,NA,NA
rs185754367,42536700,NA,NA
rs542355443,42536716,NA,NA
rs528864036,42536858,NA,NA
rs527909826,42536874,NA,NA
rs142567567,42536924,NA,NA
rs915947,42536954,NA,NA
rs535464979,42536967,NA,NA
rs3020737,42536974,NA,NA
rs2860372,42537023,NA,NA
rs2860373,42537029,NA,NA
rs536351596,42537099,NA,NA
rs28733092,42537115,NA,NA
rs3020736,42537127,NA,NA
rs56404506,42537196,NA,NA
rs2982055,42537227,NA,NA
rs2743457,42537252,NA,NA
rs2743458,42537271,NA,NA
rs28367005,42537280,NA,NA
rs2854741,42537404,NA,NA
rs190417356,42537464,NA,NA
rs1800754,42537597,NA,NA
rs73167167,42537623,NA,NA
rs150786922,42537628,NA,NA
rs139038830,42537630,NA,NA
rs79164577,42537643,NA,NA
rs113472173,42537646,NA,NA
rs114336371,42537721,NA,NA
rs553318370,42537725,NA,NA
rs554636271,42537805,NA,NA
rs116452122,42537833,NA,NA
rs4994469,42537834,NA,NA
rs367840383,42537885,NA,NA
rs2982056,42537889,NA,NA
rs1058169,42538025,NA,NA
rs1058167,42538029,NA,NA
rs2267444,42538071,NA,NA
rs2267446,42538084,NA,NA
rs3021083,42538103,NA,NA
rs28514673,42538229,NA,NA
rs762554,42538247,NA,NA
rs36093924,42538399,NA,NA
rs7285233,42538446,NA,NA
rs55904213,42538462,NA,NA
rs3021082,42538508,NA,NA
rs56023519,42538509,NA,NA
rs548185145,42538577,NA,NA
rs2267448,42538618,NA,NA
rs2856955,42538669,NA,NA
rs4992866,42538676,NA,NA
rs2743459,42538704,NA,NA
rs562751309,42538732,NA,NA
rs529830136,42538733,NA,NA
rs186971665,42538760,NA,NA
rs184023369,42538826,NA,NA
rs2982057,42538870,NA,NA
rs3020732,42538876,NA,NA
rs2743460,42538885,NA,NA
rs2854740,42538897,NA,NA
rs192761334,42538909,NA,NA
rs564208524,42538915,NA,NA
rs573137626,42538933,NA,NA
rs540451424,42538937,NA,NA
rs556641825,42538989,NA,NA
rs116047014,42539037,NA,NA
rs71329131,42539105,NA,NA
rs552919900,42539143,NA,NA
rs185480145,42539158,NA,NA
rs77794242,42539232,NA,NA
rs2272812,42539371,NA,NA
rs573562286,42539383,NA,NA
rs541161891,42539385,NA,NA
rs564810177,42539419,NA,NA
rs550445692,42539430,NA,NA
rs4987138,42539492,NA,NA
rs557573704,42539505,NA,NA
rs769261,42539623,NA,NA
rs541000074,42539633,NA,NA
rs769260,42539720,NA,NA
rs552333912,42539727,NA,NA
rs371526421,42539735,NA,NA
rs570540429,42540016,NA,NA
rs1966154,42540142,NA,NA
rs1966155,42540148,NA,NA
rs1081001,42540195,NA,NA
rs577707513,42540216,NA,NA
rs190779911,42540290,NA,NA
rs538594407,42540466,NA,NA
rs556798398,42540467,NA,NA
rs2743461,42540551,NA,NA
rs3021077,42540603,NA,NA
rs3021076,42540667,NA,NA
rs3020731,42540668,NA,NA
rs184720503,42540697,NA,NA
rs2856960,42540896,NA,NA
rs571534803,42540963,NA,NA
rs538257510,42541053,NA,NA
rs2856957,42541285,NA,NA
rs4467371,42541328,0.082,1.8e-01
rs5758605,42541349,NA,NA
rs5751226,42541394,NA,NA
rs546768256,42541631,NA,NA
rs5758606,42541656,NA,NA
rs550581814,42541749,NA,NA
rs547906008,42541977,NA,NA
rs181108560,42541998,NA,NA
rs5751227,42542153,NA,NA
rs190663722,42542550,NA,NA
rs149013899,42542651,NA,NA
rs571843724,42542756,NA,NA
rs2142694,42542870,5.535,2.3e-01
rs117139644,42542895,NA,NA
rs558749886,42542966,NA,NA
rs2854743,42543017,NA,NA
rs2743462,42543288,NA,NA
rs73429650,42543389,NA,NA
rs55833070,42543447,NA,NA
rs56124519,42543448,NA,NA
rs62239859,42543451,NA,NA
rs559013406,42543459,NA,NA
rs556133602,42543497,NA,NA
rs192469612,42543598,NA,NA
rs183420826,42543835,NA,NA
rs5996120,42543960,NA,NA
rs2743464,42544050,NA,NA
rs543186302,42544145,NA,NA
rs73429653,42544293,NA,NA
rs111624238,42544311,NA,NA
rs12160256,42544392,NA,NA
rs117978282,42544445,NA,NA
rs142550605,42544471,NA,NA
rs75274740,42544551,NA,NA
rs5751228,42544758,NA,NA
rs150883383,42544760,NA,NA
rs557465255,42545103,NA,NA
rs5751229,42545221,0.174,1.6e-01
rs192263757,42545318,NA,NA
rs141423183,42545383,NA,NA
rs183018698,42545510,NA,NA
rs9611745,42545722,NA,NA
rs148037234,42545848,NA,NA
rs13055109,42545892,NA,NA
rs35684169,42545893,NA,NA
rs112408156,42545950,NA,NA
rs12157650,42545960,NA,NA
rs114525814,42545961,NA,NA
rs559480469,42545970,NA,NA
rs28493713,42546018,NA,NA
rs530691952,42546052,NA,NA
rs145957370,42546079,NA,NA
rs138974373,42546093,NA,NA
rs57886502,42546119,NA,NA
rs12167368,42546304,NA,NA
rs528439077,42546385,NA,NA
rs567501948,42546411,NA,NA
rs114222565,42546427,NA,NA
rs377731465,42546430,NA,NA
rs568565459,42546432,NA,NA
rs2070904,42546447,NA,NA
rs2070903,42546448,NA,NA
rs553359204,42546456,NA,NA
rs533596715,42546499,NA,NA
rs137874485,42546503,NA,NA
rs573525419,42546505,NA,NA
rs184941541,42546539,NA,NA
rs116244520,42546644,NA,NA
rs562225468,42546706,NA,NA
rs369672503,42546734,NA,NA
rs202157864,42546811,NA,NA
rs192241175,42546817,NA,NA
rs59390354,42546852,NA,NA
rs5025132,42546864,NA,NA
rs117222909,42546876,NA,NA
rs569286825,42546894,NA,NA
rs184075508,42547022,NA,NA
rs2413682,42547054,NA,NA
rs146119815,42547055,NA,NA
rs114877958,42547091,NA,NA
rs552225349,42547125,NA,NA
rs140196505,42547135,NA,NA
rs143873292,42547150,NA,NA
rs5758608,42547229,NA,NA
rs5758609,42547317,NA,NA
rs140425051,42547329,NA,NA
rs5758610,42547409,0.095,2.3e-01
rs532754492,42547470,NA,NA
rs150011059,42547500,NA,NA
rs189977687,42547611,NA,NA
rs78518684,42547654,NA,NA
rs2743465,42547739,NA,NA
rs8137366,42547755,NA,NA
rs146027449,42547859,NA,NA
rs189210773,42548023,NA,NA
rs61736524,42548107,NA,NA
rs5758612,42548178,NA,NA
rs147000583,42548285,NA,NA
rs116703834,42548350,NA,NA
rs55750514,42548433,NA,NA
rs372465677,42548465,NA,NA
rs190415457,42548706,NA,NA
rs73887952,42548718,NA,NA
rs565422651,42548784,NA,NA
rs2743467,42548880,NA,NA
rs547529996,42548897,NA,NA
rs587708350,42548928,NA,NA
rs2743468,42548954,NA,NA
rs150086633,42548960,NA,NA
rs61736523,42549046,NA,NA
rs61736522,42549103,NA,NA
rs5758613,42549164,NA,NA
rs138552828,42549174,NA,NA
rs8137924,42549264,NA,NA
rs573936126,42549359,NA,NA
rs141618416,42549556,NA,NA
rs528045129,42549876,NA,NA
rs11703545,42549936,NA,NA
rs570869886,42550182,NA,NA
rs142255933,42550243,NA,NA
rs1997659,42550287,NA,NA
rs569930647,42550486,NA,NA
rs553121853,42550615,NA,NA
rs151033025,42550653,NA,NA
rs187995238,42550848,NA,NA
rs540171655,42550942,NA,NA
rs541894678,42551076,NA,NA
rs116824015,42551165,NA,NA
rs145139159,42551222,NA,NA
rs555012748,42551223,NA,NA
rs148186351,42551245,NA,NA
rs2236779,42551344,NA,NA
rs180951607,42551706,NA,NA
rs371418489,42551755,NA,NA
rs189492326,42551765,NA,NA
rs111541333,42551962,NA,NA
rs570331899,42552134,NA,NA
rs191628976,42552198,NA,NA
rs183124717,42552232,NA,NA
rs742086,42552253,0.328,1.1e-01
rs186447007,42552296,NA,NA
rs114898678,42552342,NA,NA
rs76627233,42552347,NA,NA
rs78235377,42552638,NA,NA
rs144244073,42552656,NA,NA
rs140675002,42552804,NA,NA
rs6519313,42552875,NA,NA
rs183889026,42553317,NA,NA
rs548993537,42553323,NA,NA
rs5751230,42553353,NA,NA
rs115194201,42553437,NA,NA
rs192946406,42553458,NA,NA
rs28507165,42553582,NA,NA
rs6002642,42553682,NA,NA
rs540909404,42553721,NA,NA
rs115369544,42553778,NA,NA
rs567288972,42553854,NA,NA
rs183797891,42553872,NA,NA
rs539763051,42553934,NA,NA
rs559604047,42554019,NA,NA
rs560914543,42554219,NA,NA
rs2899354,42554409,NA,NA
rs145241258,42554532,NA,NA
rs553455017,42554587,NA,NA
rs5758618,42554839,NA,NA
rs143780764,42554882,NA,NA
rs80226906,42554906,NA,NA
rs186437112,42554943,NA,NA
rs115512230,42555077,NA,NA
rs564537044,42555093,NA,NA
rs539148058,42555535,NA,NA
rs11912865,42555540,NA,NA
rs185127073,42555570,NA,NA
rs189881295,42555580,NA,NA
rs183941308,42555598,NA,NA
rs17002861,42555767,NA,NA
rs553204551,42555836,NA,NA
rs5751231,42555861,NA,NA
rs191779464,42555943,NA,NA
rs147453778,42556509,NA,NA
rs74765231,42556589,NA,NA
rs551001785,42556638,NA,NA
rs144054744,42556656,NA,NA
rs191500060,42556752,NA,NA
rs541928744,42557280,NA,NA
rs531647285,42557384,NA,NA
rs742087,42557476,NA,NA
rs5758619,42557710,NA,NA
rs142222643,42557781,NA,NA
rs185589354,42557786,NA,NA
rs146771028,42558056,NA,NA
rs5996122,42558175,NA,NA
rs189079998,42558244,NA,NA
rs181115725,42558275,NA,NA
rs114461735,42558710,NA,NA
rs185787835,42558773,NA,NA
rs79724799,42559051,NA,NA
rs576490893,42559097,NA,NA
rs573853223,42559278,NA,NA
rs73429679,42559826,NA,NA
rs56184405,42559905,NA,NA
rs528315494,42559966,NA,NA
rs560689347,42560108,NA,NA
rs565921823,42560259,NA,NA
rs529159835,42560388,NA,NA
rs187359847,42560415,NA,NA
rs147464458,42560460,NA,NA
rs184069792,42560720,NA,NA
rs539908876,42560921,NA,NA
rs139774405,42560951,NA,NA
rs149730300,42561161,NA,NA
rs9611746,42561365,NA,NA
rs139442729,42561543,NA,NA
rs538561208,42561833,NA,NA
rs146426814,42561925,NA,NA
rs11703217,42561937,NA,NA
rs536166460,42562085,NA,NA
rs572515103,42562266,NA,NA
rs8141165,42562475,NA,NA
rs113618837,42562569,NA,NA
rs528789826,42562610,NA,NA
rs73429683,42562707,NA,NA
rs570322468,42562929,NA,NA
rs574575059,42562994,NA,NA
rs4453786,42563308,0.076,2.0e-01
rs115011133,42563318,NA,NA
rs180888674,42563525,NA,NA
rs62240863,42563529,NA,NA
rs34614590,42563532,NA,NA
rs62240864,42563889,NA,NA
rs5758622,42563933,NA,NA
rs5751232,42564304,NA,NA
rs185424896,42564541,NA,NA
rs143233579,42564565,NA,NA
rs191363283,42564579,NA,NA
rs531522301,42564597,NA,NA
rs141457938,42564607,NA,NA
rs370598812,42564698,NA,NA
rs201866155,42564701,NA,NA
rs541059330,42564981,NA,NA
rs183282465,42565117,NA,NA
rs9623534,42565200,6.551,4.4e+00
rs116777951,42565627,NA,NA
rs568280502,42565707,NA,NA
rs5996123,42565950,NA,NA
rs537529906,42565974,NA,NA
rs5751233,42566101,NA,NA
rs188031911,42566281,NA,NA
rs5758623,42566314,NA,NA
rs529404773,42566411,NA,NA
rs73167200,42566417,NA,NA
rs184718249,42566596,NA,NA
rs77163005,42566753,NA,NA
rs9306356,42567090,NA,NA
rs551762804,42567143,NA,NA
rs145101267,42567213,NA,NA
rs9607882,42567451,NA,NA
rs554122962,42567479,NA,NA
rs180998616,42567672,NA,NA
rs151127678,42567677,NA,NA
rs566487636,42567772,NA,NA
rs189473998,42567935,NA,NA
rs181543588,42567998,NA,NA
rs742088,42568035,NA,NA
rs138695999,42568450,NA,NA
rs555958692,42569011,NA,NA
rs714002,42569024,NA,NA
rs112991199,42569124,NA,NA
rs145996226,42569527,NA,NA
rs562686032,42569600,NA,NA
rs909569,42569678,NA,NA
rs713811,42569870,NA,NA
rs2011944,42569999,0.141,3.2e-01
rs567027656,42570061,NA,NA
rs147601136,42570440,NA,NA
rs742089,42570458,NA,NA
rs543476696,42570508,NA,NA
rs188248768,42570561,NA,NA
rs28407360,42570595,NA,NA
rs547424453,42570638,NA,NA
rs527928520,42570726,NA,NA
rs5751234,42570727,NA,NA
rs570840181,42570728,NA,NA
rs554280711,42570770,NA,NA
rs10427675,42570812,NA,NA
rs372334942,42570817,NA,NA
rs188388709,42570824,NA,NA
rs5751235,42570848,NA,NA
rs151249795,42570858,NA,NA
rs576257896,42570868,NA,NA
rs9611749,42570897,NA,NA
rs181745830,42570957,NA,NA
rs529544348,42570998,NA,NA
rs530345182,42571006,NA,NA
rs189875567,42571007,NA,NA
rs760648,42571028,NA,NA
rs555581629,42571059,NA,NA
rs543642126,42571276,NA,NA
rs149328325,42571302,NA,NA
rs147135783,42571439,NA,NA
rs553029943,42571567,NA,NA
rs571202647,42571569,NA,NA
rs116858138,42571637,NA,NA
rs17002864,42571729,NA,NA
rs574111997,42571776,NA,NA
rs559842986,42571884,NA,NA
rs546750485,42572108,NA,NA
rs185157341,42572315,NA,NA
rs7287503,42572357,NA,NA
rs5758626,42572363,0.084,2.1e-01
rs578254500,42572388,NA,NA
rs5758627,42572547,NA,NA
rs543826971,42572549,NA,NA
rs1989375,42573139,NA,NA
rs536904686,42573487,NA,NA
rs558653450,42573559,NA,NA
rs79145419,42573810,NA,NA
rs536560179,42573934,NA,NA
rs5758628,42573956,NA,NA
rs558517486,42573983,NA,NA
rs574538537,42574131,NA,NA
rs148249186,42574258,NA,NA
rs5758629,42574555,NA,NA
rs535683678,42574738,NA,NA
rs2413684,42574830,NA,NA
rs190796415,42574836,NA,NA
rs576142118,42574890,NA,NA
rs138225570,42575166,NA,NA
rs560266250,42575199,NA,NA
rs527998079,42575202,NA,NA
rs185090585,42575264,NA,NA
rs572237331,42575481,NA,NA
rs143707621,42575538,NA,NA
rs75571919,42575557,NA,NA
rs181020107,42575719,NA,NA
rs192511698,42575942,NA,NA
rs56070086,42575948,NA,NA
rs138616498,42576152,NA,NA
rs541004663,42576298,NA,NA
rs543725927,42576720,NA,NA
rs148429130,42576984,NA,NA
rs529582513,42577350,NA,NA
rs568594466,42577792,NA,NA
rs534560377,42577837,NA,NA
rs5758632,42578054,NA,NA
rs555888574,42578207,NA,NA
rs9607885,42578596,0.084,2.2e-01
rs75993207,42578609,NA,NA
rs144478622,42578659,NA,NA
rs563657470,42578976,NA,NA
rs543077283,42579022,NA,NA
rs5751237,42579051,NA,NA
rs568807610,42579316,NA,NA
rs116049462,42579377,NA,NA
rs185905763,42579421,NA,NA
rs189217189,42579426,NA,NA
rs2899355,42579520,NA,NA
rs542636584,42579528,NA,NA
rs564692714,42579568,NA,NA
rs186360544,42579581,NA,NA
rs546207692,42579844,NA,NA
rs5758635,42579923,NA,NA
rs558344662,42579925,NA,NA
rs78630558,42580158,NA,NA
rs146371328,42580566,NA,NA
rs78051933,42580682,NA,NA
rs556041518,42580699,NA,NA
rs574678045,42580885,NA,NA
rs563505626,42580923,NA,NA
rs5758637,42580933,0.029,1.7e-01
rs28438468,42580975,NA,NA
rs35234745,42580982,NA,NA
rs192398599,42581078,NA,NA
rs2142695,42581248,0.136,4.0e-01
rs535625499,42581359,NA,NA
rs76881861,42581404,NA,NA
rs545823726,42581449,NA,NA
rs557421462,42581479,NA,NA
rs150000109,42581858,NA,NA
rs557751938,42582012,NA,NA
rs542024962,42582378,NA,NA
rs5758638,42582394,NA,NA
rs143461515,42582713,NA,NA
rs189348830,42583346,NA,NA
rs180987445,42583374,NA,NA
rs529422586,42583493,NA,NA
rs184649099,42583496,NA,NA
rs73169115,42583871,NA,NA
rs5751238,42583910,NA,NA
rs146117850,42584037,NA,NA
rs8141134,42584071,NA,NA
rs149423108,42584192,NA,NA
rs144686319,42584213,NA,NA
rs17173778,42584362,NA,NA
rs4349441,42584389,NA,NA
rs4464374,42584395,NA,NA
rs17002868,42584466,NA,NA
rs147284143,42584563,NA,NA
rs17476888,42584612,NA,NA
rs191642424,42584619,NA,NA
rs181169865,42584638,NA,NA
rs2839711,42584918,NA,NA
rs60664162,42585239,NA,NA
rs55962220,42585304,NA,NA
rs73169116,42585439,NA,NA
rs565011340,42585491,NA,NA
rs80269333,42585665,NA,NA
rs190961424,42585676,NA,NA
rs12484402,42586073,1.425,1.6e+00
rs111705190,42586082,NA,NA
rs187894351,42586227,NA,NA
rs551555377,42586284,NA,NA
rs140276383,42586770,NA,NA
rs148341813,42586914,NA,NA
rs150891729,42586930,NA,NA
rs565302540,42586990,NA,NA
rs530078991,42587100,NA,NA
rs545783746,42588139,NA,NA
rs79452350,42588150,NA,NA
rs542148843,42588413,NA,NA
rs544142564,42588442,NA,NA
rs192949073,42588470,NA,NA
rs146656690,42588560,NA,NA
rs6002649,42588762,NA,NA
rs75385989,42589256,NA,NA
rs115714309,42589292,NA,NA
rs562160951,42589395,NA,NA
rs113036988,42589464,NA,NA
rs554293147,42589914,NA,NA
rs529362696,42590362,NA,NA
rs184807752,42590457,NA,NA
rs551680235,42590595,NA,NA
rs529215440,42590720,NA,NA
rs139000896,42590761,NA,NA
rs192690432,42591094,NA,NA
rs544863649,42591376,NA,NA
rs139983069,42591872,NA,NA
rs146668082,42591943,NA,NA
rs139043360,42592083,NA,NA
rs5751239,42592239,1.343,1.1e+00
rs142508314,42592259,NA,NA
rs190147948,42592542,NA,NA
rs540246735,42592620,NA,NA
rs567950173,42592915,NA,NA
rs79225370,42592940,NA,NA
rs181296955,42593359,NA,NA
rs183287965,42593391,NA,NA
rs142652891,42593521,NA,NA
rs553848433,42593623,NA,NA
rs117965774,42593624,NA,NA
rs192557430,42593796,NA,NA
rs186559190,42593938,NA,NA
rs184638573,42594143,NA,NA
rs2839712,42594226,NA,NA
rs117542216,42594243,NA,NA
rs530083520,42594792,NA,NA
rs193118326,42594877,NA,NA
rs181148649,42594926,NA,NA
rs535109255,42595098,NA,NA
rs139398603,42595192,NA,NA
rs5751240,42595258,NA,NA
rs187356618,42595272,NA,NA
rs539061457,42595771,NA,NA
rs75971674,42595926,NA,NA
rs142097116,42596000,NA,NA
rs8142673,42596253,0.054,3.6e-02
rs142490944,42596426,NA,NA
rs146762836,42596596,NA,NA
rs182743874,42596602,NA,NA
rs9611755,42596641,NA,NA
rs529129317,42596850,NA,NA
rs550975813,42596979,NA,NA
rs567239892,42597243,NA,NA
rs9623538,42597378,0.781,6.9e-02
rs114221754,42597424,NA,NA
rs577398565,42597591,NA,NA
rs17002872,42597836,NA,NA
rs553025307,42598158,NA,NA
rs575149212,42598285,NA,NA
rs150408344,42598307,NA,NA
rs150559658,42598517,NA,NA
rs73169118,42598538,NA,NA
rs17002873,42598559,NA,NA
rs17002874,42598607,NA,NA
rs181986035,42598656,NA,NA
rs564977941,42598884,NA,NA
rs5758645,42598951,NA,NA
rs183015563,42599310,NA,NA
rs2223273,42599446,2.212,2.0e+00
rs17002876,42599647,NA,NA
rs564966618,42599688,NA,NA
rs534113871,42600055,NA,NA
rs537833099,42600253,NA,NA
rs565981868,42600330,NA,NA
rs5751241,42600589,NA,NA
rs533975709,42600767,NA,NA
rs144858442,42600778,NA,NA
rs147924505,42600855,NA,NA
rs118180194,42601090,NA,NA
rs531603446,42601521,NA,NA
rs149010974,42601571,NA,NA
rs9968031,42601726,NA,NA
rs565388868,42601838,NA,NA
rs534145014,42601855,NA,NA
rs9623540,42601904,NA,NA
rs16986035,42602139,NA,NA
rs574988367,42602505,NA,NA
rs144975479,42602658,NA,NA
rs5758646,42602704,NA,NA
rs554826365,42602935,NA,NA
rs5758647,42602959,NA,NA
rs73431674,42603248,NA,NA
rs539802482,42603316,NA,NA
rs534760874,42603355,NA,NA
rs550918707,42603597,NA,NA
rs563420941,42603601,NA,NA
rs190570536,42603683,NA,NA
rs6002655,42603814,NA,NA
rs5751242,42603869,NA,NA
rs186693027,42603988,NA,NA
rs148272393,42603996,NA,NA
rs147348327,42604427,NA,NA
rs139588209,42604655,NA,NA
rs76019742,42604885,NA,NA
rs530811912,42605300,NA,NA
rs5758649,42605548,1.656,1.5e+00
rs540373865,42605647,NA,NA
rs2070116,42606257,1.694,9.0e-01
rs138453240,42606263,NA,NA
rs140619869,42606905,NA,NA
rs142237336,42606992,NA,NA
rs17002888,42607338,NA,NA
rs199726704,42608203,NA,NA
rs141527051,42608574,NA,NA
rs552487573,42608958,NA,NA
rs5758651,42609148,0.147,2.7e-02
rs201300855,42609579,NA,NA
rs574867061,42609597,NA,NA
rs78356795,42609845,NA,NA
rs34030679,42610099,NA,NA
rs186320252,42610653,NA,NA
rs142871472,42610793,NA,NA
rs149479605,42611099,NA,NA
rs202014904,42611113,NA,NA
rs143525991,42611265,NA,NA
rs565979163,42611471,NA,NA
rs535536503,42611502,NA,NA
rs536860747,42611649,NA,NA
rs116943841,42611788,NA,NA
rs73169123,42611834,NA,NA
rs563264007,42611987,NA,NA
rs185153607,42611991,NA,NA
rs542729127,42612017,NA,NA
rs189931265,42612051,NA,NA
rs140007462,42612208,NA,NA
rs534472119,42612295,NA,NA
rs17386314,42612296,NA,NA
rs5996130,42612297,6.242,3.9e+00
rs538271906,42612319,NA,NA
rs118002301,42612360,NA,NA
rs5758652,42612408,0.178,5.3e-02
rs574491757,42612419,NA,NA
rs188381915,42612593,NA,NA
rs568914022,42612900,NA,NA
rs186569746,42613154,NA,NA
rs539932786,42613200,NA,NA
rs542584373,42613302,NA,NA
rs5758653,42613485,NA,NA
rs184654860,42613649,NA,NA
rs569143495,42613695,NA,NA
rs554637247,42613819,NA,NA
rs190807439,42614149,NA,NA
rs932376,42614362,3.460,2.0e+00
rs2143139,42614401,NA,NA
rs541943657,42615046,NA,NA
rs17002897,42615054,NA,NA
rs112411942,42615169,NA,NA
rs529904579,42615277,NA,NA
rs560439927,42615353,NA,NA
rs78555069,42615492,NA,NA
rs573422592,42615602,NA,NA
rs567956797,42615671,NA,NA
rs577162848,42615696,NA,NA
rs118040307,42616172,NA,NA
rs28568838,42616215,NA,NA
rs572202945,42616344,NA,NA
rs186427591,42616372,NA,NA
rs116648605,42616455,NA,NA
rs117749753,42616513,NA,NA
rs371764230,42616848,NA,NA
rs568443814,42616925,NA,NA
rs17002898,42617015,NA,NA
rs186828448,42617121,NA,NA
rs564654661,42617160,NA,NA
rs550492580,42617170,NA,NA
rs5751243,42617177,NA,NA
rs139754542,42617352,NA,NA
rs5751244,42617411,NA,NA
rs62240933,42617456,NA,NA
rs114645342,42617462,NA,NA
rs573844258,42617966,NA,NA
rs151030711,42618034,NA,NA
rs144733369,42618049,NA,NA
rs2143138,42618340,NA,NA
rs145566136,42618350,NA,NA
rs55979692,42618352,NA,NA
rs73431681,42618479,NA,NA
rs117878768,42618662,NA,NA
rs5758657,42618669,NA,NA
rs182356045,42618820,NA,NA
rs142247819,42618934,NA,NA
rs1033459,42619067,NA,NA
rs187605574,42619211,NA,NA
rs193214915,42619212,NA,NA
rs1033460,42619308,NA,NA
rs575225046,42619571,NA,NA
rs550882476,42619834,NA,NA
rs190151791,42620162,NA,NA
rs184139028,42620382,NA,NA
rs562742622,42620419,NA,NA
rs550324312,42620431,NA,NA
rs188859077,42620482,NA,NA
rs7292034,42620795,NA,NA
rs559042710,42620927,NA,NA
rs5751245,42620940,NA,NA
rs149633495,42620941,NA,NA
rs144242396,42621228,NA,NA
rs148704559,42621232,NA,NA
rs545560555,42621480,NA,NA
rs560567213,42621489,NA,NA
rs112003406,42621622,NA,NA
rs550425166,42621703,NA,NA
rs556652902,42621944,NA,NA
rs189925825,42621982,NA,NA
rs147493955,42621992,NA,NA
rs5758659,42622003,6.332,8.3e-01
rs73169125,42622250,NA,NA
rs552893475,42622295,NA,NA
rs9623543,42622369,0.802,4.2e-02
rs568507081,42622389,NA,NA
rs147606744,42622430,NA,NA
rs572146151,42622431,NA,NA
rs187743944,42622579,NA,NA
rs545425091,42622676,NA,NA
rs117484537,42622781,NA,NA
rs183988591,42622892,NA,NA
rs5996132,42622915,NA,NA
rs188932318,42622937,NA,NA
rs192143299,42623072,NA,NA
rs55867855,42623258,NA,NA
rs562155520,42623472,NA,NA
rs187536047,42623583,NA,NA
rs550969916,42623607,NA,NA
rs5758660,42623718,6.326,8.2e-01
rs28548373,42623773,NA,NA
rs534294785,42623906,NA,NA
rs184858048,42624099,NA,NA
rs538042293,42624338,NA,NA
rs5758661,42624445,1.484,1.1e+00
rs563150273,42624499,NA,NA
rs138388718,42624549,NA,NA
rs376299372,42624836,NA,NA
rs181022021,42625292,NA,NA
rs555727154,42625395,NA,NA
rs17002902,42625509,NA,NA
rs74915033,42625640,NA,NA
rs148651565,42625942,NA,NA
rs532853700,42626080,NA,NA
rs571636598,42626145,NA,NA
rs558838926,42627083,NA,NA
rs183414520,42627095,NA,NA
rs28854583,42627122,NA,NA
rs187413689,42627123,NA,NA
rs116867592,42627290,NA,NA
rs534293799,42627671,NA,NA
rs375212758,42627804,NA,NA
rs115603898,42628063,NA,NA
rs5758662,42628088,NA,NA
rs56906457,42628335,NA,NA
rs192713755,42628397,NA,NA
rs184130332,42628605,NA,NA
rs527969130,42628979,NA,NA
rs531881493,42629079,NA,NA
rs181774935,42629148,NA,NA
rs188856801,42629208,NA,NA
rs181877542,42629212,NA,NA
rs147039741,42629276,NA,NA
rs28582339,42629354,NA,NA
rs529386168,42630156,NA,NA
rs559123721,42630196,NA,NA
rs183295858,42630237,NA,NA
rs560689101,42630317,NA,NA
rs183639242,42630458,NA,NA
rs17386770,42630745,NA,NA
rs78870601,42630772,NA,NA
rs555598293,42631361,NA,NA
rs78463060,42631773,NA,NA
rs555520915,42632131,NA,NA
rs185804129,42632337,NA,NA
rs145793771,42632391,NA,NA
rs149008777,42632433,NA,NA
rs532089438,42632451,NA,NA
rs562632920,42632479,NA,NA
rs549208180,42632553,NA,NA
rs79812456,42632556,NA,NA
rs138537406,42632571,NA,NA
rs143879709,42632589,NA,NA
rs10427718,42632653,NA,NA
rs74539107,42632747,NA,NA
rs12158532,42632832,NA,NA
rs5758666,42632833,NA,NA
rs534543869,42632918,NA,NA
rs181050030,42632971,NA,NA
rs5751247,42633054,2.959,1.7e+00
rs550993442,42633086,NA,NA
rs5758667,42633204,NA,NA
rs186434143,42633496,NA,NA
rs559790502,42633576,NA,NA
rs567007540,42633855,NA,NA
rs534279754,42633873,NA,NA
rs184097726,42633966,NA,NA
rs532196123,42634072,NA,NA
rs548646138,42634519,NA,NA
rs73431690,42634538,NA,NA
rs187151291,42634813,NA,NA
rs144427326,42634861,NA,NA
rs112886854,42634940,NA,NA
rs5758668,42634950,NA,NA
rs191265815,42634980,NA,NA
rs151300565,42634981,NA,NA
rs112463715,42634984,NA,NA
rs5758669,42634988,NA,NA
rs567910796,42634994,NA,NA
rs535364386,42635028,NA,NA
rs142620080,42635220,NA,NA
rs8137968,42635326,NA,NA
rs539702379,42635351,NA,NA
rs138687708,42635459,NA,NA
rs185764039,42635553,NA,NA
rs536084503,42635585,NA,NA
rs189892230,42635632,NA,NA
rs193187220,42635666,NA,NA
rs184133035,42635884,NA,NA
rs541081528,42636368,NA,NA
rs142597186,42636369,NA,NA
rs563628726,42636464,NA,NA
rs5758670,42636687,NA,NA
rs539995147,42636693,NA,NA
rs138985384,42636811,NA,NA
rs117206004,42636965,NA,NA
rs117518412,42637023,NA,NA
rs115124073,42637243,NA,NA
rs145588008,42637421,NA,NA
rs116150893,42637558,NA,NA
rs183800641,42637631,NA,NA
rs189212448,42637790,NA,NA
rs150398197,42638140,NA,NA
rs536734824,42638141,NA,NA
rs138347669,42638157,NA,NA
rs577047053,42638195,NA,NA
rs111404889,42638205,NA,NA
rs113675955,42638233,NA,NA
rs138635551,42638293,NA,NA
rs117227008,42638411,NA,NA
rs184258376,42638514,NA,NA
rs141648800,42638624,NA,NA
rs530080645,42638808,NA,NA
rs527777456,42638909,NA,NA
rs77809704,42639053,NA,NA
rs142735045,42639069,NA,NA
rs28805093,42639227,NA,NA
rs62240937,42639332,NA,NA
rs111393557,42639361,NA,NA
rs529175740,42639376,NA,NA
rs5758672,42639400,NA,NA
rs181900452,42639473,NA,NA
rs571076810,42639479,NA,NA
rs542463505,42639584,NA,NA
rs140337730,42639599,NA,NA
rs117994957,42639640,NA,NA
rs5751250,42639645,NA,NA
rs77637240,42639749,NA,NA
rs138103835,42639841,NA,NA
rs149529711,42640129,NA,NA
rs73431699,42640372,NA,NA
rs534321285,42640447,NA,NA
rs549068326,42640491,NA,NA
rs75628172,42640518,NA,NA
rs141535640,42640520,NA,NA
rs5751251,42640606,NA,NA
rs183027503,42640775,NA,NA
rs150869955,42640811,NA,NA
rs541254491,42640815,NA,NA
rs187609997,42640835,NA,NA
rs187421621,42641127,NA,NA
rs139417741,42641160,NA,NA
rs184688954,42641254,NA,NA
